********** CH4 **********
This LXCat file was generated from the cross sections in the chemistry data repo found at:
https://gitlab.com/MD-CWI-NL/chemistry-data 
********************


ATTACHMENT
CH4
REACTION: e + CH4 -> CH3 + H-
INPUT_SPECIES: e CH4
OUTPUT_SPECIES: CH3 H-
CREATED ON: 12/11/2020 12:16:31
CS_FILENAME: e_CH4_->_CH3_H-
COLUMNS: Energy (eV) | Cross section (m2) 
------------------------------
 5.699999999999999	0.0
 6.0	1.5150000000000003e-24
 6.1	1.2620000000000001e-24
 6.2	2.4770000000000005e-24
 6.3	3.886e-24
 6.4	4.024e-24
 6.5	7.132e-24
 6.6	3.9600000000000005e-24
 6.7	3.1030000000000006e-24
 6.8	8.200000000000002e-24
 6.9	1.0203000000000001e-23
 7.0	7.091000000000001e-24
 7.1	6.720000000000001e-25
 7.2	7.984000000000001e-24
 7.3	8.477999999999999e-24
 7.4	1.2406000000000003e-23
 7.5	1.5963e-23
 7.6	2.5469000000000004e-23
 7.7	2.6231000000000003e-23
 7.8	3.8370000000000003e-23
 7.9	3.8049e-23
 8.0	5.6951e-23
 8.1	6.4372e-23
 8.2	6.9902e-23
 8.3	8.898100000000002e-23
 8.4	9.4255e-23
 8.5	1.10419e-22
 8.6	1.1918500000000002e-22
 8.7	1.2559800000000003e-22
 8.8	1.2366100000000001e-22
 8.9	1.2586100000000001e-22
 9.0	1.4160900000000003e-22
 9.1	1.4164600000000002e-22
 9.2	1.4888300000000002e-22
 9.3	1.48053e-22
 9.4	1.5882300000000004e-22
 9.5	1.56448e-22
 9.6	1.5365500000000002e-22
 9.7	1.5929300000000002e-22
 9.8	1.5161300000000001e-22
 9.9	1.5847000000000003e-22
 10.0	1.5102200000000002e-22
 10.1	1.5208e-22
 10.2	1.45821e-22
 10.3	1.4976300000000001e-22
 10.4	1.40269e-22
 10.5	1.37849e-22
 10.6	1.42408e-22
 10.7	1.3127700000000003e-22
 10.8	1.2808600000000004e-22
 10.9	1.19691e-22
 11.0	1.0249200000000001e-22
 11.1	1.07603e-22
 11.2	9.633000000000002e-23
 11.3	9.108100000000001e-23
 11.4	7.740800000000001e-23
 11.5	7.1728e-23
 11.6	6.607100000000002e-23
 11.7	5.2138000000000007e-23
 11.8	5.0481000000000004e-23
 11.9	4.6847000000000005e-23
 12.0	3.9692e-23
 12.1	3.2422000000000003e-23
 12.2	3.1596e-23
 12.3	2.4173000000000002e-23
 12.4	2.4197e-23
 12.5	2.0503000000000002e-23
 12.6	1.8412000000000003e-23
 12.7	1.4238000000000003e-23
 12.8	1.4217e-23
 12.9	1.4513000000000003e-23
 13.0	1.1387000000000002e-23
 13.1	8.786e-24
 13.2	8.601000000000002e-24
 13.3	5.542e-24
 13.4	7.095000000000002e-24
 13.5	4.042e-24
 13.6	5.582000000000001e-24
 13.7	4.284000000000001e-24
 13.8	3.1660000000000006e-24
 13.9	4.9480000000000014e-24
 14.0	3.2720000000000003e-24
 14.1	4.3540000000000005e-24
 14.2	2.9720000000000004e-24
 14.3	3.92e-24
 14.4	2.4060000000000005e-24
 14.5	3.2870000000000008e-24
 14.6	2.2160000000000003e-24
 14.7	3.818e-24
 14.8	3.868e-24
 14.9	3.8449999999999996e-24
 15.0	3.56e-24
 15.1	1.5140000000000003e-24
 15.2	3.309e-24
 15.3	3.918000000000001e-24
 15.4	1.595e-24
 15.5	1.6360000000000001e-24
 15.6	3.627e-24
 15.7	2.6710000000000007e-24
 15.8	2.6790000000000003e-24
 15.9	4.5850000000000004e-24
 16.0	3.8220000000000006e-24
 16.1	2.6970000000000003e-24
 16.2	4.849e-24
 16.3	5.784000000000001e-24
 16.4	3.0360000000000006e-24
 16.5	2.7210000000000006e-24
 16.6	4.091000000000001e-24
 16.7	2.7020000000000004e-24
 16.8	5.0080000000000005e-24
 16.9	3.876000000000001e-24
 17.0	4.0349999999999994e-24
 17.1	3.94e-24
 17.2	3.5650000000000004e-24
 17.3	4.523000000000001e-24
 17.4	8.822000000000003e-24
 17.5	5.5160000000000005e-24
 17.6	5.941000000000001e-24
 17.7	5.0440000000000004e-24
 17.8	7.199e-24
 17.9	6.742000000000001e-24
 18.0	4.1790000000000005e-24
 18.1	5.702000000000001e-24
 18.2	7.723e-24
 18.3	8.944000000000001e-24
 18.4	5.1340000000000005e-24
 18.5	1.1111000000000002e-23
 18.6	1.0829000000000001e-23
 18.7	1.1177000000000001e-23
 18.8	5.591000000000001e-24
 18.9	7.230000000000001e-24
 19.0	8.744000000000002e-24
 19.1	1.0723000000000001e-23
 19.2	1.1773000000000001e-23
 19.3	1.4243e-23
 19.4	1.5422e-23
 20.37	0.0
------------------------------

ATTACHMENT
CH4
REACTION: e + CH4 -> H2 + CH2-
INPUT_SPECIES: e CH4
OUTPUT_SPECIES: H2 CH2-
CREATED ON: 12/11/2020 12:16:31
CS_FILENAME: e_CH4_->_H2_CH2-
COLUMNS: Energy (eV) | Cross section (m2) 
------------------------------
 5.699999999999999	0.0
 6.0	1.6360000000000001e-24
 6.1	1.299e-24
 6.2	7.700000000000001e-25
 6.3	7.700000000000001e-25
 6.4	9.620000000000002e-25
 6.5	8.66e-25
 6.6	6.740000000000001e-25
 6.7	1.3950000000000003e-24
 6.8	1.2030000000000003e-24
 6.9	1.01e-24
 7.0	4.33e-25
 7.1	1.01e-24
 7.2	1.107e-24
 7.3	8.180000000000001e-25
 7.4	1.2030000000000003e-24
 7.5	1.155e-24
 7.6	1.5400000000000002e-24
 7.7	1.588e-24
 7.8	1.3950000000000003e-24
 7.9	1.588e-24
 8.0	1.0580000000000001e-24
 8.1	2.0690000000000002e-24
 8.2	2.5500000000000005e-24
 8.3	1.8280000000000003e-24
 8.4	2.7420000000000003e-24
 8.5	2.5500000000000005e-24
 8.6	2.2610000000000008e-24
 8.7	3.0790000000000003e-24
 8.8	2.405e-24
 8.9	3.1750000000000004e-24
 9.0	2.9350000000000003e-24
 9.1	3.127e-24
 9.2	4.0410000000000005e-24
 9.3	4.811000000000001e-24
 9.4	6.543000000000001e-24
 9.5	8.034e-24
 9.6	8.275000000000002e-24
 9.7	8.467000000000002e-24
 9.8	9.526e-24
 9.9	1.0055000000000002e-23
 10.0	1.2268000000000001e-23
 10.1	1.2412000000000002e-23
 10.2	1.3230000000000002e-23
 10.3	1.3086000000000002e-23
 10.4	1.4000000000000002e-23
 10.5	1.2845000000000003e-23
 10.6	1.3134000000000002e-23
 10.7	1.1258000000000002e-23
 10.8	1.2124000000000002e-23
 10.9	1.1065000000000001e-23
 11.0	1.0536000000000001e-23
 11.1	1.0007000000000002e-23
 11.2	9.911000000000001e-24
 11.3	8.9e-24
 11.4	7.746e-24
 11.5	9.333000000000001e-24
 11.6	7.409000000000001e-24
 11.7	6.3990000000000015e-24
 11.8	6.3990000000000015e-24
 11.9	5.629000000000001e-24
 12.0	4.619000000000001e-24
 12.1	5.2440000000000006e-24
 12.2	4.3300000000000006e-24
 12.3	3.7040000000000005e-24
 12.4	3.2230000000000006e-24
 12.5	3.271000000000001e-24
 12.6	3.0310000000000004e-24
 12.7	2.598e-24
 12.8	3.127e-24
 12.9	2.1650000000000003e-24
 13.0	2.5020000000000006e-24
 13.1	1.732e-24
 13.2	2.0690000000000002e-24
 13.3	1.732e-24
 13.4	2.0690000000000002e-24
 13.5	1.973e-24
 13.6	1.4910000000000002e-24
 13.7	1.299e-24
 13.8	1.2030000000000003e-24
 13.9	1.588e-24
 14.0	2.2130000000000005e-24
 14.1	1.6360000000000001e-24
 14.2	1.6360000000000001e-24
 14.3	1.78e-24
 14.4	1.9240000000000004e-24
 14.5	1.8280000000000003e-24
 14.6	1.588e-24
 14.7	1.3950000000000003e-24
 14.8	2.1650000000000003e-24
 14.9	1.8760000000000002e-24
 15.0	1.4430000000000001e-24
 15.1	2.021e-24
 15.2	1.9240000000000004e-24
 15.3	1.4430000000000001e-24
 15.4	1.8760000000000002e-24
 15.5	1.8760000000000002e-24
 15.6	2.405e-24
 15.7	1.588e-24
 15.8	2.7900000000000005e-24
 15.9	2.1170000000000004e-24
 16.0	2.598e-24
 16.1	2.0690000000000002e-24
 16.2	2.2610000000000008e-24
 16.3	2.2130000000000005e-24
 16.4	2.5500000000000005e-24
 16.5	2.8380000000000004e-24
 16.6	2.9830000000000002e-24
 16.7	2.3090000000000003e-24
 16.8	2.2610000000000008e-24
 16.9	2.405e-24
 17.0	3.0310000000000004e-24
 17.1	3.0790000000000003e-24
 17.2	3.0310000000000004e-24
 17.3	2.8380000000000004e-24
 17.4	1.8760000000000002e-24
 17.5	2.9830000000000002e-24
 17.6	2.8380000000000004e-24
 17.7	3.127e-24
 17.8	3.2230000000000006e-24
 17.9	2.7900000000000005e-24
 18.0	3.127e-24
 18.1	2.887e-24
 18.2	3.608000000000001e-24
 18.3	3.656000000000001e-24
 18.4	3.1750000000000004e-24
 18.5	3.4160000000000006e-24
 18.6	3.320000000000001e-24
 18.7	3.0790000000000003e-24
 18.8	3.512e-24
 18.9	4.0410000000000005e-24
 19.0	3.127e-24
 19.1	3.7530000000000006e-24
 19.2	3.897e-24
 19.3	3.127e-24
 19.4	3.512e-24
 20.37	0.0
------------------------------

EXCITATION
CH4 -> CH2
9.0
REACTION: e + CH4 -> e + CH2 + H2
INPUT_SPECIES: e CH4
OUTPUT_SPECIES: e CH2 H2
CREATED ON: 12/11/2020 12:16:31
CS_FILENAME: e_CH4_->_e_CH2_H2
COLUMNS: Energy (eV) | Cross section (m2) 
------------------------------
 9.0	0.0
 9.1	1e-21
 10.1	1.8e-21
 11.1	2.8999999999999996e-21
 11.9	3.4999999999999996e-21
 12.9	5e-21
 14.1	5.6e-21
 14.9	6.3999999999999996e-21
 16.2	6.2e-21
 16.7	7.2e-21
 17.9	7.3e-21
 18.7	7.1e-21
 20.1	6.6e-21
 20.9	6.2e-21
 21.8	5.3e-21
 22.9	5.5e-21
 23.9	5.1e-21
 26.1	5e-21
 29.0	3.9e-21
 32.2	2.5e-21
 34.0	1.9e-21
 39.4	1e-21
 44.4	2.1999999999999996e-22
 46.62	0.0
------------------------------

EXCITATION
CH4 -> CH3
7.5
REACTION: e + CH4 -> e + CH3 + H
INPUT_SPECIES: e CH4
OUTPUT_SPECIES: e CH3 H
CREATED ON: 12/11/2020 12:16:31
CS_FILENAME: e_CH4_->_e_CH3_H
COLUMNS: Energy (eV) | Cross section (m2) 
------------------------------
 0.0	0.0
 1.002004008016032	0.0
 2.004008016032064	0.0
 3.006012024048096	0.0
 4.008016032064128	0.0
 5.0100200400801596	0.0
 6.012024048096192	0.0
 7.014028056112224	0.0
 8.016032064128256	2.9145029233971857e-22
 9.018036072144287	1.470525639081177e-21
 10.020040080160319	3.1452895772999603e-21
 11.02204408817635	5.151741038638359e-21
 12.024048096192384	7.19851936149826e-21
 13.026052104208416	9.245297684358158e-21
 14.028056112224448	1.1292076007218056e-20
 15.03006012024048	1.3260504666891297e-20
 16.03206412825651	1.4797442828413974e-20
 17.034068136272545	1.7110993799638658e-20
 18.036072144288575	1.946982170684495e-20
 19.03807615230461	2.0344150426640602e-20
 20.040080160320638	2.1116839297187232e-20
 21.04208416833667	2.1878141403107682e-20
 22.0440881763527	2.1989725200218113e-20
 23.046092184368735	2.1668877702349438e-20
 24.04809619238477	2.1288432022472972e-20
 25.0501002004008	2.0912139089809358e-20
 26.052104208416832	2.061474835418995e-20
 27.054108216432862	2.031735761857054e-20
 28.056112224448896	2.0019966882951133e-20
 29.058116232464926	1.9722576147331725e-20
 30.06012024048096	1.9431178429550948e-20
 31.06212424849699	1.898787577368585e-20
 32.06412825651302	1.8534384966471645e-20
 33.06613226452905	1.808089415925744e-20
 34.06813627254509	1.7627403352043237e-20
 35.07014028056112	1.7188566156751474e-20
 36.07214428857715	1.6944412662715002e-20
 37.07414829659318	1.670025916867853e-20
 38.07615230460922	1.6456105674642055e-20
 39.07815631262525	1.6211952180605583e-20
 40.080160320641276	1.5977697311981215e-20
 41.08216432865731	1.5857276635596035e-20
 42.08416833667334	1.5687047578229957e-20
 43.08617234468937	1.5390997913900835e-20
 44.0881763527054	1.5094948249571713e-20
 45.09018036072144	1.481327796156068e-20
 46.09218436873747	1.4676999145210394e-20
 47.0941883767535	1.4540720328860105e-20
 48.09619238476954	1.4404441512509815e-20
 49.09819639278557	1.426816269615953e-20
 50.1002004008016	1.413690337647185e-20
 51.10220440881763	1.4050819526747654e-20
 52.104208416833664	1.3964735677023457e-20
 53.106212424849694	1.389524487993547e-20
 54.108216432865724	1.3842005552452387e-20
 55.110220440881754	1.3788766224969304e-20
 56.11222444889779	1.373552689748622e-20
 57.11422845691382	1.3682287570003137e-20
 58.11623246492985	1.3629048242520053e-20
 59.11823647294589	1.357580891503697e-20
 60.12024048096192	1.3528448143021336e-20
 61.12224448897795	1.3524196777767007e-20
 62.12424849699398	1.3519945412512678e-20
 63.126252505010015	1.3515694047258348e-20
 64.12825651302605	1.3511442682004019e-20
 65.13026052104208	1.3507191316749689e-20
 66.1322645290581	1.3501418233778245e-20
 67.13426853707413	1.348563870400032e-20
 68.13627254509018	1.3469859174222393e-20
 69.13827655310621	1.3454079644444468e-20
 70.14028056112224	1.3445143342512863e-20
 71.14228456913827	1.3478244011637227e-20
 72.1442885771543	1.351134468076159e-20
 73.14629258517033	1.3544445349885954e-20
 74.14829659318636	1.3573244100400757e-20
 75.1503006012024	1.3517093346090236e-20
 76.15230460921843	1.3460942591779717e-20
 77.15430861723446	1.3404791837469198e-20
 78.1563126252505	1.3348641083158678e-20
 79.15831663326652	1.3292490328848159e-20
 80.16032064128255	1.3239271577633593e-20
 81.16232464929858	1.3201445842672776e-20
 82.16432865731463	1.316362010771196e-20
 83.16633266533066	1.3125794372751142e-20
 84.16833667334669	1.3087968637790326e-20
 85.17034068136272	1.3041195594658396e-20
 86.17234468937875	1.2950738635161613e-20
 87.17434869739478	1.286028167566483e-20
 88.1763527054108	1.2769824716168049e-20
 89.17835671342685	1.2679367756671265e-20
 90.18036072144288	1.2593136405741052e-20
 91.18236472945891	1.2526155049391881e-20
 92.18436873747494	1.2473979794552074e-20
 93.18637274549097	1.245916933851779e-20
 94.188376753507	1.2444358882483504e-20
 95.19038076152303	1.242954842644922e-20
 96.19238476953907	1.2414737970414935e-20
 97.1943887775551	1.239992751438065e-20
 98.19639278557113	1.2385117058346365e-20
 99.19839679358716	1.237030660231208e-20
 100.2004008016032	1.2356092764756671e-20
 101.20240480961922	1.2344265401116763e-20
 102.20440881763525	1.2332438037476856e-20
 103.20641282565128	1.2320610673836948e-20
 104.20841683366733	1.230878331019704e-20
 105.21042084168336	1.2296955946557132e-20
 106.21242484969939	1.2285128582917225e-20
 107.21442885771542	1.2273301219277317e-20
 108.21643286573145	1.2261473855637409e-20
 109.21843687374748	1.2249646491997501e-20
 110.22044088176351	1.2241555507577794e-20
 111.22244488977955	1.2246711685847889e-20
 112.22444889779558	1.2251867864117984e-20
 113.22645290581161	1.225702404238808e-20
 114.22845691382764	1.2262180220658175e-20
 115.23046092184367	1.2267336398928272e-20
 116.2324649298597	1.2272492577198367e-20
 117.23446893787573	1.2277648755468463e-20
 118.23647294589178	1.2275155086503427e-20
 119.2384769539078	1.2257530302191234e-20
 120.24048096192384	1.2239905517879042e-20
 121.24248496993987	1.222228073356685e-20
 122.2444889779559	1.2204655949254657e-20
 123.24649298597193	1.2187031164942466e-20
 124.24849699398796	1.2169406380630274e-20
 125.250501002004	1.2152453034424464e-20
 126.25250501002003	1.2137514002537807e-20
 127.25450901803606	1.212257497065115e-20
 128.2565130260521	1.2107635938764492e-20
 129.25851703406812	1.2092696906877835e-20
 130.26052104208415	1.2077757874991178e-20
 131.26252505010018	1.2062818843104521e-20
 132.2645290581162	1.2047879811217863e-20
 133.26653306613224	1.2032940779331206e-20
 134.26853707414827	1.2018001747444547e-20
 135.2705410821643	1.200306271555789e-20
 136.27254509018036	1.1988123683671233e-20
 137.2745490981964	1.1973184651784575e-20
 138.27655310621242	1.1958245619897918e-20
 139.27855711422845	1.194330658801126e-20
 140.28056112224448	1.1928367556124602e-20
 141.2825651302605	1.1913428524237945e-20
 142.28456913827654	1.1898489492351288e-20
 143.28657314629257	1.188355046046463e-20
 144.2885771543086	1.1866628406520759e-20
 145.29058116232463	1.1844803881379886e-20
 146.29258517034066	1.1822979356239013e-20
 147.2945891783567	1.180115483109814e-20
 148.29659318637272	1.1779330305957267e-20
 149.29859719438875	1.1757505780816394e-20
 150.3006012024048	1.1734801854429652e-20
 151.30260521042084	1.1710045991802548e-20
 152.30460921843687	1.1685290129175444e-20
 153.3066132264529	1.1660534266548339e-20
 154.30861723446893	1.1635778403921235e-20
 155.31062124248496	1.161102254129413e-20
 156.312625250501	1.1586266678667025e-20
 157.31462925851702	1.1561510816039921e-20
 158.31663326653305	1.1536754953412818e-20
 159.31863727454908	1.1511999090785712e-20
 160.3206412825651	1.1487243228158608e-20
 161.32264529058114	1.1462487365531504e-20
 162.32464929859717	1.1437731502904399e-20
 163.3266533066132	1.1412975640277295e-20
 164.32865731462925	1.138821977765019e-20
 165.33066132264528	1.1363463915023086e-20
 166.3326653306613	1.1338708052395982e-20
 167.33466933867734	1.1315635215443479e-20
 168.33667334669337	1.1339521713354008e-20
 169.3386773547094	1.1363408211264538e-20
 170.34068136272543	1.1387294709175068e-20
 171.34268537074146	1.1411181207085598e-20
 172.3446893787575	1.1435067704996127e-20
 173.34669338677352	1.1458954202906657e-20
 174.34869739478955	1.1482840700817187e-20
 175.35070140280558	1.1504444784470296e-20
 176.3527054108216	1.1521810098788193e-20
 177.35470941883764	1.1539175413106091e-20
 178.3567134268537	1.155654072742399e-20
 179.35871743486973	1.1573906041741888e-20
 180.36072144288576	1.1591271356059785e-20
 181.3627254509018	1.1608636670377683e-20
 182.36472945891782	1.162600198469558e-20
 183.36673346693385	1.1643367299013479e-20
 184.36873747494988	1.1660732613331377e-20
 185.3707414829659	1.1678097927649274e-20
 186.37274549098194	1.1695463241967172e-20
 187.37474949899797	1.1712828556285069e-20
 188.376753507014	1.1730193870602967e-20
 189.37875751503003	1.1747559184920866e-20
 190.38076152304606	1.1764924499238763e-20
 191.3827655310621	1.178228981355666e-20
 192.38476953907815	1.179965512787456e-20
 193.38677354709418	1.1817020442192457e-20
 194.3887775551102	1.1834385756510355e-20
 195.39078156312624	1.1803655730192447e-20
 196.39278557114227	1.176692054885702e-20
 197.3947895791583	1.1730185367521593e-20
 198.39679358717433	1.1693450186186165e-20
 199.39879759519036	1.1656715004850738e-20
 200.4008016032064	1.1620556547639387e-20
 201.40280561122242	1.1585263176614151e-20
 202.40480961923845	1.1549969805588915e-20
 203.40681362725448	1.1514676434563679e-20
 204.4088176352705	1.1479383063538443e-20
 205.41082164328654	1.1444089692513207e-20
 206.41282565130257	1.1408796321487972e-20
 207.41482965931863	1.1373502950462735e-20
 208.41683366733466	1.1338209579437498e-20
 209.4188376753507	1.1302916208412262e-20
 210.42084168336672	1.1267622837387026e-20
 211.42284569138275	1.123232946636179e-20
 212.42484969939878	1.1197036095336554e-20
 213.4268537074148	1.1161742724311318e-20
 214.42885771543084	1.1126449353286083e-20
 215.43086172344687	1.1091155982260847e-20
 216.4328657314629	1.1055862611235611e-20
 217.43486973947893	1.1020569240210375e-20
 218.43687374749496	1.0985275869185139e-20
 219.438877755511	1.0949982498159903e-20
 220.44088176352702	1.0914689127134667e-20
 221.44288577154308	1.087939575610943e-20
 222.4448897795591	1.0844102385084195e-20
 223.44689378757514	1.0808809014058959e-20
 224.44889779559117	1.0773515643033722e-20
 225.4509018036072	1.0738222272008486e-20
 226.45290581162322	1.070292890098325e-20
 227.45490981963925	1.0667635529958014e-20
 228.45691382765528	1.0632342158932778e-20
 229.45891783567131	1.0597048787907542e-20
 230.46092184368734	1.0561755416882306e-20
 231.46292585170337	1.0526462045857071e-20
 232.4649298597194	1.0491168674831835e-20
 233.46693386773543	1.0455875303806599e-20
 234.46893787575146	1.0420581932781363e-20
 235.47094188376752	1.0385288561756125e-20
 236.47294589178355	1.0349995190730889e-20
 237.47494989979958	1.0314701819705653e-20
 238.4769539078156	1.0279408448680419e-20
 239.47895791583164	1.0244115077655182e-20
 240.48096192384767	1.0208821706629946e-20
 241.4829659318637	1.017352833560471e-20
 242.48496993987973	1.0138234964579474e-20
 243.48697394789576	1.0102941593554238e-20
 244.4889779559118	1.0100446645170045e-20
 245.49098196392782	1.0132363156605965e-20
 246.49298597194385	1.0164279668041884e-20
 247.49498997995988	1.0196196179477806e-20
 248.4969939879759	1.0228112690913725e-20
 249.49899799599197	1.0260029202349647e-20
 250.501002004008	1.0286706784420967e-20
 251.50300601202403	1.0308145437127688e-20
 252.50501002004006	1.0329584089834408e-20
 253.5070140280561	1.0351022742541127e-20
 254.50901803607212	1.0372461395247847e-20
 255.51102204408815	1.0393900047954567e-20
 256.5130260521042	1.0415338700661287e-20
 257.51503006012024	1.0436777353368008e-20
 258.51703406813624	1.0458216006074728e-20
 259.5190380761523	1.0479654658781448e-20
 260.5210420841683	1.0501093311488167e-20
 261.52304609218436	1.0522531964194889e-20
 262.52505010020036	1.0543970616901608e-20
 263.5270541082164	1.0565409269608328e-20
 264.5290581162324	1.0586847922315048e-20
 265.5310621242485	1.060828657502177e-20
 266.5330661322645	1.0629725227728488e-20
 267.53507014028054	1.0651163880435209e-20
 268.53707414829654	1.0672602533141929e-20
 269.5390781563126	1.0694041185848648e-20
 270.5410821643286	1.0715479838555368e-20
 271.54308617234466	1.073691849126209e-20
 272.5450901803607	1.075835714396881e-20
 273.5470941883767	1.0779795796675529e-20
 274.5490981963928	1.080123444938225e-20
 275.5511022044088	1.0822673102088969e-20
 276.55310621242484	1.084411175479569e-20
 277.55511022044084	1.086555040750241e-20
 278.5571142284569	1.088698906020913e-20
 279.5591182364729	1.090842771291585e-20
 280.56112224448896	1.092986636562257e-20
 281.56312625250496	1.0951305018329289e-20
 282.565130260521	1.097274367103601e-20
 283.567134268537	1.099418232374273e-20
 284.5691382765531	1.101562097644945e-20
 285.57114228456913	1.1037059629156171e-20
 286.57314629258514	1.1058498281862891e-20
 287.5751503006012	1.107993693456961e-20
 288.5771543086172	1.110137558727633e-20
 289.57915831663325	1.1122814239983052e-20
 290.58116232464926	1.1144252892689771e-20
 291.5831663326653	1.1165691545396491e-20
 292.5851703406813	1.1187130198103211e-20
 293.5871743486974	1.1208568850809932e-20
 294.5891783567134	1.1219766563845235e-20
 295.59118236472943	1.1205720325105598e-20
 296.59318637274544	1.1191674086365961e-20
 297.5951903807615	1.1177627847626324e-20
 298.5971943887775	1.1163581608886689e-20
 299.59919839679355	1.1149535370147052e-20
 300.6012024048096	1.1132811152333848e-20
 301.6032064128256	1.1114301615138265e-20
 302.6052104208417	1.1095792077942683e-20
 303.6072144288577	1.1077282540747101e-20
 304.60921843687373	1.1058773003551519e-20
 305.61122244488973	1.1040263466355937e-20
 306.6132264529058	1.1021753929160355e-20
 307.6152304609218	1.1003244391964773e-20
 308.61723446893785	1.098473485476919e-20
 309.61923847695385	1.0966225317573608e-20
 310.6212424849699	1.0947715780378026e-20
 311.6232464929859	1.0929206243182444e-20
 312.625250501002	1.0910696705986862e-20
 313.62725450901803	1.0892187168791278e-20
 314.62925851703403	1.0873677631595698e-20
 315.6312625250501	1.0855168094400114e-20
 316.6332665330661	1.0836658557204532e-20
 317.63527054108215	1.081814902000895e-20
 318.63727454909815	1.0799639482813368e-20
 319.6392785571142	1.0781129945617785e-20
 320.6412825651302	1.0762620408422203e-20
 321.64328657314627	1.0744110871226621e-20
 322.64529058116227	1.0725601334031039e-20
 323.64729458917833	1.0707091796835457e-20
 324.64929859719433	1.0688582259639875e-20
 325.6513026052104	1.0670072722444293e-20
 326.6533066132264	1.065156318524871e-20
 327.65531062124245	1.0633053648053128e-20
 328.6573146292585	1.0614544110857545e-20
 329.6593186372745	1.0596034573661964e-20
 330.66132264529057	1.057752503646638e-20
 331.66332665330657	1.05590154992708e-20
 332.6653306613226	1.0540505962075216e-20
 333.66733466933863	1.0521996424879635e-20
 334.6693386773547	1.0503486887684052e-20
 335.6713426853707	1.048497735048847e-20
 336.67334669338675	1.0466467813292888e-20
 337.67535070140275	1.047121106988023e-20
 338.6773547094188	1.0476589753131456e-20
 339.6793587174348	1.0481968436382683e-20
 340.68136272545087	1.048734711963391e-20
 341.68336673346687	1.0492725802885136e-20
 342.6853707414829	1.0498104486136363e-20
 343.687374749499	1.050348316938759e-20
 344.689378757515	1.0508861852638817e-20
 345.69138276553105	1.0514240535890043e-20
 346.69338677354705	1.051961921914127e-20
 347.6953907815631	1.0524997902392497e-20
 348.6973947895791	1.0530376585643723e-20
 349.69939879759517	1.0535755268894952e-20
 350.70140280561117	1.0541133952146178e-20
 351.7034068136272	1.0546512635397405e-20
 352.7054108216432	1.0551891318648632e-20
 353.7074148296593	1.0557270001899859e-20
 354.7094188376753	1.0562648685151085e-20
 355.71142284569135	1.0568027368402312e-20
 356.7134268537074	1.0573406051653539e-20
 357.7154308617234	1.0578784734904765e-20
 358.71743486973946	1.0584163418155992e-20
 359.71943887775547	1.0589542101407219e-20
 360.7214428857715	1.0594920784658446e-20
 361.7234468937875	1.0600299467909672e-20
 362.7254509018036	1.0605678151160899e-20
 363.7274549098196	1.0611056834412126e-20
 364.72945891783564	1.0616435517663354e-20
 365.73146292585164	1.062181420091458e-20
 366.7334669338677	1.0627192884165808e-20
 367.7354709418837	1.0632571567417034e-20
 368.73747494989976	1.0637950250668261e-20
 369.73947895791576	1.0643328933919488e-20
 370.7414829659318	1.0648707617170714e-20
 371.7434869739479	1.0654086300421941e-20
 372.7454909819639	1.0659464983673168e-20
 373.74749498997994	1.0664843666924395e-20
 374.74949899799594	1.0670222350175621e-20
 375.751503006012	1.0675601033426848e-20
 376.753507014028	1.0680979716678075e-20
 377.75551102204406	1.0686358399929302e-20
 378.75751503006006	1.0691737083180528e-20
 379.7595190380761	1.0697115766431757e-20
 380.7615230460921	1.0702494449682982e-20
 381.7635270541082	1.070787313293421e-20
 382.7655310621242	1.0713251816185437e-20
 383.76753507014024	1.0718630499436663e-20
 384.7695390781563	1.072400918268789e-20
 385.7715430861723	1.0729387865939117e-20
 386.77354709418836	1.0734766549190344e-20
 387.77555110220436	1.074014523244157e-20
 388.7775551102204	1.0745523915692797e-20
 389.7795591182364	1.0750902598944024e-20
 390.7815631262525	1.075628128219525e-20
 391.7835671342685	1.0761659965446477e-20
 392.78557114228454	1.0767038648697704e-20
 393.78757515030054	1.077241733194893e-20
 394.7895791583166	1.0777796015200159e-20
 395.7915831663326	1.0783174698451384e-20
 396.79358717434866	1.0788811595878814e-20
 397.79559118236466	1.0795526791429228e-20
 398.7975951903807	1.0802241986979641e-20
 399.7995991983968	1.0808957182530055e-20
 400.8016032064128	1.0807787693375924e-20
 401.80360721442884	1.0804647033045657e-20
 402.80561122244484	1.080150637271539e-20
 403.8076152304609	1.0798365712385123e-20
 404.8096192384769	1.0795225052054856e-20
 405.81162324649296	1.0792084391724587e-20
 406.81362725450896	1.078894373139432e-20
 407.815631262525	1.0785803071064053e-20
 408.817635270541	1.0782662410733786e-20
 409.8196392785571	1.0779521750403519e-20
 410.8216432865731	1.0776381090073252e-20
 411.82364729458914	1.0773240429742985e-20
 412.82565130260514	1.0770099769412718e-20
 413.8276553106212	1.076695910908245e-20
 414.82965931863725	1.0763818448752183e-20
 415.83166332665326	1.0760677788421916e-20
 416.8336673346693	1.0757537128091649e-20
 417.8356713426853	1.0754396467761382e-20
 418.8376753507014	1.0751255807431115e-20
 419.8396793587174	1.0748115147100848e-20
 420.84168336673343	1.074497448677058e-20
 421.84368737474944	1.0741833826440312e-20
 422.8456913827655	1.0738693166110045e-20
 423.8476953907815	1.0735552505779778e-20
 424.84969939879755	1.0732411845449511e-20
 425.85170340681356	1.0729271185119244e-20
 426.8537074148296	1.0726130524788977e-20
 427.8557114228457	1.072298986445871e-20
 428.8577154308617	1.0719849204128443e-20
 429.85971943887773	1.0716708543798175e-20
 430.86172344689373	1.0713567883467908e-20
 431.8637274549098	1.071042722313764e-20
 432.8657314629258	1.0707286562807374e-20
 433.86773547094185	1.0704145902477107e-20
 434.86973947895785	1.070100524214684e-20
 435.8717434869739	1.0697864581816573e-20
 436.8737474949899	1.0694723921486304e-20
 437.875751503006	1.0691583261156037e-20
 438.877755511022	1.068844260082577e-20
 439.87975951903803	1.0685301940495503e-20
 440.88176352705403	1.0682161280165236e-20
 441.8837675350701	1.0679020619834969e-20
 442.88577154308615	1.0675879959504702e-20
 443.88777555110215	1.0672739299174435e-20
 444.8897795591182	1.0669598638844167e-20
 445.8917835671342	1.0665675290421587e-20
 446.89378757515027	1.0659846827576508e-20
 447.8957915831663	1.065401836473143e-20
 448.89779559118233	1.0648189901886352e-20
 449.89979959919833	1.0642361439041273e-20
 450.9018036072144	1.0636532976196195e-20
 451.9038076152304	1.0630704513351116e-20
 452.90581162324645	1.0624876050506038e-20
 453.90781563126245	1.0619047587660959e-20
 454.9098196392785	1.061321912481588e-20
 455.9118236472945	1.0607390661970803e-20
 456.91382765531057	1.0601562199125725e-20
 457.9158316633266	1.0595733736280645e-20
 458.91783567134263	1.0589905273435567e-20
 459.9198396793587	1.0584076810590489e-20
 460.9218436873747	1.0578248347745409e-20
 461.92384769539075	1.0572419884900331e-20
 462.92585170340675	1.0566591422055253e-20
 463.9278557114228	1.0560762959210175e-20
 464.9298597194388	1.0554934496365095e-20
 465.93186372745487	1.0549106033520017e-20
 466.93386773547087	1.0543277570674939e-20
 467.9358717434869	1.0537449107829861e-20
 468.93787575150293	1.0531620644984781e-20
 469.939879759519	1.0525792182139703e-20
 470.94188376753505	1.0519963719294625e-20
 471.94388777555105	1.0514135256449547e-20
 472.9458917835671	1.0508306793604468e-20
 473.9478957915831	1.050247833075939e-20
 474.94989979959917	1.0496649867914311e-20
 475.95190380761517	1.0490821405069233e-20
 476.9539078156312	1.0484992942224154e-20
 477.9559118236472	1.0479164479379076e-20
 478.9579158316633	1.0473336016533997e-20
 479.9599198396793	1.046750755368892e-20
 480.96192384769535	1.046167909084384e-20
 481.96392785571135	1.0455850627998762e-20
 482.9659318637274	1.0450022165153684e-20
 483.9679358717434	1.0444193702308606e-20
 484.96993987975947	1.0438365239463526e-20
 485.9719438877755	1.0432536776618448e-20
 486.9739478957915	1.042670831377337e-20
 487.9759519038076	1.042087985092829e-20
 488.9779559118236	1.0415051388083212e-20
 489.97995991983964	1.0409222925238134e-20
 490.98196392785565	1.0403394462393056e-20
 491.9839679358717	1.0397565999547976e-20
 492.9859719438877	1.0391737536702898e-20
 493.98797595190376	1.038590907385782e-20
 494.98997995991976	1.0380080611012742e-20
 495.9919839679358	1.0374252148167662e-20
 496.9939879759518	1.0368423685322584e-20
 497.9959919839679	1.0362595222477506e-20
 498.99799599198394	1.0356766759632427e-20
 500.0	1.0350938296787349e-20
 525.0	0.0
------------------------------

EXCITATION
CH4 -> CH4(v1,3)
0.362
REACTION: e + CH4 -> e + CH4(v1,3)
INPUT_SPECIES: e CH4
OUTPUT_SPECIES: e CH4(v1,3)
CREATED ON: 12/11/2020 12:16:31
CS_FILENAME: e_CH4_->_e_CH4(v1,3)
COLUMNS: Energy (eV) | Cross section (m2) 
------------------------------
 0.362	0.0
 0.45	1.3e-21
 0.47	1.6000000000000003e-21
 0.5	2.08e-21
 0.55	2.76e-21
 0.6	2.99e-21
 0.66	3.12e-21
 0.75	2.99e-21
 0.84	2.6e-21
 0.9	2.4499999999999997e-21
 1.0	2.3300000000000004e-21
 1.2	2.2200000000000002e-21
 1.5	2.3000000000000004e-21
 1.8	2.4e-21
 2.0	2.5000000000000002e-21
 2.5	2.85e-21
 3.0	3.400000000000001e-21
 3.5	4.1999999999999995e-21
 4.0	5.600000000000001e-21
 4.5	8.000000000000001e-21
 5.0	1.1000000000000001e-20
 5.6	1.3799999999999998e-20
 6.0	1.43e-20
 6.5	1.3799999999999998e-20
 7.0	1.3000000000000001e-20
 7.5	1.1799999999999999e-20
 8.0	1.1000000000000001e-20
 9.0	9.000000000000001e-21
 10.0	7.3e-21
 15.0	3.64e-21
 20.0	2.86e-21
 40.0	1.6900000000000001e-21
 70.0	6.5e-22
 100.0	3.9e-22
 105.0	0.0
------------------------------

EXCITATION
CH4 -> CH4(v2,4)
0.162
REACTION: e + CH4 -> e + CH4(v2,4)
INPUT_SPECIES: e CH4
OUTPUT_SPECIES: e CH4(v2,4)
CREATED ON: 12/11/2020 12:16:31
CS_FILENAME: e_CH4_->_e_CH4(v2,4)
COLUMNS: Energy (eV) | Cross section (m2) 
------------------------------
 0.162	0.0
 0.17	1.0000000000000001e-21
 0.18	2.0000000000000002e-21
 0.19	3e-21
 0.2	3.6e-21
 0.21	4.5000000000000004e-21
 0.23	5.8e-21
 0.25	6.899999999999999e-21
 0.3	7.2e-21
 0.35	6e-21
 0.4	4.5000000000000004e-21
 0.5	3.4999999999999996e-21
 0.6	3.1000000000000002e-21
 0.8	2.7e-21
 1.0	2.5200000000000004e-21
 1.2	2.4499999999999997e-21
 1.5	2.4499999999999997e-21
 2.0	2.7e-21
 2.5	3.15e-21
 3.0	3.8e-21
 3.5	5.0000000000000005e-21
 4.0	6.800000000000002e-21
 4.5	9.3e-21
 5.0	1.1799999999999999e-20
 5.6	1.3600000000000003e-20
 6.0	1.3999999999999998e-20
 6.5	1.3799999999999998e-20
 7.0	1.34e-20
 7.5	1.3000000000000001e-20
 8.0	1.2e-20
 9.0	1.04e-20
 10.0	9.000000000000001e-21
 15.0	5.600000000000001e-21
 20.0	4.6800000000000005e-21
 40.0	3.4499999999999994e-21
 70.0	2.08e-21
 100.0	1.3e-21
 105.0	0.0
------------------------------

ELASTIC
CH4
3.422e-05
REACTION: e + CH4 -> e + CH4
INPUT_SPECIES: e CH4
OUTPUT_SPECIES: e CH4
CREATED ON: 12/11/2020 12:16:31
CS_FILENAME: e_CH4_->_e_CH4_momentum_transfer
COLUMNS: Energy (eV) | Cross section (m2) 
------------------------------
 0.001	2.28e-19
 0.002	2.1199999999999998e-19
 0.003	1.9899999999999999e-19
 0.004	1.9e-19
 0.005	1.8100000000000001e-19
 0.006	1.74e-19
 0.007	1.67e-19
 0.008	1.6100000000000002e-19
 0.009	1.5500000000000002e-19
 0.01	1.5e-19
 0.02	1.1300000000000002e-19
 0.03	8.890000000000001e-20
 0.04	7.200000000000001e-20
 0.05	5.919999999999999e-20
 0.06	4.92e-20
 0.07	4.12e-20
 0.08	3.47e-20
 0.09	2.9300000000000004e-20
 0.1	2.4900000000000002e-20
 0.11	2.11e-20
 0.12	1.8000000000000002e-20
 0.13	1.54e-20
 0.14	1.3100000000000002e-20
 0.15	1.1299999999999999e-20
 0.16	9.6e-21
 0.17	8.3e-21
 0.18	7.100000000000001e-21
 0.19	6.2000000000000004e-21
 0.2	5.300000000000001e-21
 0.21	4.6999999999999995e-21
 0.22	4.1e-21
 0.23	3.6e-21
 0.24	3.2000000000000005e-21
 0.25	3e-21
 0.26	2.7e-21
 0.27	2.6e-21
 0.28	2.4e-21
 0.29	2.4e-21
 0.3	2.3000000000000004e-21
 0.31	2.3000000000000004e-21
 0.32	2.4e-21
 0.33	2.5000000000000002e-21
 0.34	2.6e-21
 0.35	2.7e-21
 0.36	2.8000000000000004e-21
 0.37	3e-21
 0.38	3.1000000000000002e-21
 0.39	3.3e-21
 0.4	3.4999999999999996e-21
 0.41	3.6999999999999995e-21
 0.42	3.900000000000001e-21
 0.43	4.1e-21
 0.44	4.3e-21
 0.45	4.600000000000001e-21
 0.46	4.8e-21
 0.47	5.0000000000000005e-21
 0.48	5.300000000000001e-21
 0.49	5.5000000000000005e-21
 0.5	5.8e-21
 0.52	6.3e-21
 0.55	6.999999999999999e-21
 0.57	7.5e-21
 0.6	8.3e-21
 0.62	8.8e-21
 0.65	9.500000000000001e-21
 0.67	1.0000000000000001e-20
 0.7	1.0700000000000002e-20
 0.72	1.1200000000000002e-20
 0.75	1.1799999999999999e-20
 0.77	1.2400000000000001e-20
 0.8	1.33e-20
 0.85	1.45e-20
 0.9	1.5600000000000003e-20
 0.95	1.6699999999999998e-20
 1.0	1.8000000000000002e-20
 1.1	2.0699999999999998e-20
 1.2	2.32e-20
 1.3	2.6200000000000003e-20
 1.4	2.9300000000000004e-20
 1.5	3.24e-20
 1.8	4.1100000000000004e-20
 2.0	4.77e-20
 2.2	5.41e-20
 2.5	6.34e-20
 3.0	8.12e-20
 3.5	9.54e-20
 4.0	1.11e-19
 4.5	1.25e-19
 5.0	1.35e-19
 5.5	1.45e-19
 6.0	1.51e-19
 6.5	1.5699999999999999e-19
 7.0	1.6000000000000002e-19
 7.5	1.6100000000000002e-19
 8.0	1.6300000000000002e-19
 8.5	1.64e-19
 9.0	1.6300000000000002e-19
 9.5	1.6199999999999999e-19
 10.0	1.6000000000000002e-19
 11.0	1.53e-19
 12.0	1.4599999999999998e-19
 13.0	1.35e-19
 14.0	1.21e-19
 15.0	1.1e-19
 18.0	8.2e-20
 20.0	6.93e-20
 25.0	4.990000000000001e-20
 30.0	3.9199999999999995e-20
 50.0	2.0000000000000002e-20
 75.0	1.1499999999999998e-20
 100.0	7.9e-21
 200.0	4.0000000000000004e-21
 300.0	2.2e-21
 500.0	1.1e-21
 525.0	0.0
------------------------------

EXCITATION
CH4 -> CH
15.5
REACTION: e + CH4 -> e + CH + H2 + H
INPUT_SPECIES: e CH4
OUTPUT_SPECIES: e CH H2 H
CREATED ON: 12/11/2020 12:16:31
CS_FILENAME: e_CH4_->_e_CH_H2_H
COLUMNS: Energy (eV) | Cross section (m2) 
------------------------------
 0.0	0.0
 1.002004008016032	0.0
 2.004008016032064	0.0
 3.006012024048096	0.0
 4.008016032064128	0.0
 5.0100200400801596	0.0
 6.012024048096192	0.0
 7.014028056112224	0.0
 8.016032064128256	0.0
 9.018036072144287	0.0
 10.020040080160319	0.0
 11.02204408817635	0.0
 12.024048096192384	0.0
 13.026052104208416	0.0
 14.028056112224448	0.0
 15.03006012024048	0.0
 16.03206412825651	1.396986960833321e-24
 17.034068136272545	7.603287698088908e-24
 18.036072144288575	1.6994506239150998e-23
 19.03807615230461	2.861631765273849e-23
 20.040080160320638	4.049893683793041e-23
 21.04208416833667	5.238155602312238e-23
 22.0440881763527	6.42641752083143e-23
 23.046092184368735	7.614679439350627e-23
 24.04809619238477	8.802941357869822e-23
 25.0501002004008	1.035964340421298e-22
 26.052104208416832	1.8916707879211932e-22
 27.054108216432862	2.7473772354210855e-22
 28.056112224448896	3.603083682920981e-22
 29.058116232464926	4.4587901304208725e-22
 30.06012024048096	5.352130729983251e-22
 31.06212424849699	6.484474630003119e-22
 32.06412825651302	7.602286331601322e-22
 33.06613226452905	8.72009803319952e-22
 34.06813627254509	9.837909734797728e-22
 35.07014028056112	1.0922667247310257e-21
 36.07214428857715	1.15682762476846e-21
 37.07414829659318	1.2213885248058942e-21
 38.07615230460922	1.2859494248433288e-21
 39.07815631262525	1.3505103248807628e-21
 40.080160320641276	1.4117109541253866e-21
 41.08216432865731	1.434268469252686e-21
 42.08416833667334	1.4508118002423211e-21
 43.08617234468937	1.4521627422466858e-21
 44.0881763527054	1.4535136842510504e-21
 45.09018036072144	1.4535144788241801e-21
 46.09218436873747	1.4398637827037113e-21
 47.0941883767535	1.4262130865832426e-21
 48.09619238476954	1.4125623904627737e-21
 49.09819639278557	1.398911694342305e-21
 50.1002004008016	1.3865476457439638e-21
 51.10220440881763	1.3857634248447705e-21
 52.104208416833664	1.3849792039455773e-21
 53.106212424849694	1.3854121753496011e-21
 54.108216432865724	1.3870372820498081e-21
 55.110220440881754	1.388662388750015e-21
 56.11222444889779	1.390287495450222e-21
 57.11422845691382	1.391912602150429e-21
 58.11623246492985	1.3935377088506358e-21
 59.11823647294589	1.3951628155508428e-21
 60.12024048096192	1.396807653554128e-21
 61.12224448897795	1.3985971877799874e-21
 62.12424849699398	1.4003867220058469e-21
 63.126252505010015	1.4021762562317062e-21
 64.12825651302605	1.4039657904575655e-21
 65.13026052104208	1.4057553246834249e-21
 66.1322645290581	1.4073717434656715e-21
 67.13426853707413	1.4078497970580996e-21
 68.13627254509018	1.4083278506505279e-21
 69.13827655310621	1.408805904242956e-21
 70.14028056112224	1.4093472212010662e-21
 71.14228456913827	1.4102771559769361e-21
 72.1442885771543	1.4112070907528062e-21
 73.14629258517033	1.4121370255286763e-21
 74.14829659318636	1.4126223962864505e-21
 75.1503006012024	1.4043290111848106e-21
 76.15230460921843	1.3960356260831707e-21
 77.15430861723446	1.3877422409815309e-21
 78.1563126252505	1.3794488558798912e-21
 79.15831663326652	1.3711554707782513e-21
 80.16032064128255	1.363583910929927e-21
 81.16232464929858	1.3598019336615088e-21
 82.16432865731463	1.3560199563930907e-21
 83.16633266533066	1.3522379791246726e-21
 84.16833667334669	1.3484560018562547e-21
 85.17034068136272	1.3437509679994366e-21
 86.17234468937875	1.3345392460933716e-21
 87.17434869739478	1.3253275241873067e-21
 88.1763527054108	1.3161158022812417e-21
 89.17835671342685	1.3069040803751765e-21
 90.18036072144288	1.29742035839984e-21
 91.18236472945891	1.286697524997822e-21
 92.18436873747494	1.2775021811721134e-21
 93.18637274549097	1.272161622528056e-21
 94.188376753507	1.2668210638839985e-21
 95.19038076152303	1.2614805052399411e-21
 96.19238476953907	1.2561399465958837e-21
 97.1943887775551	1.2507993879518263e-21
 98.19639278557113	1.2454588293077689e-21
 99.19839679358716	1.2401182706637114e-21
 100.2004008016032	1.2353266396412724e-21
 101.20240480961922	1.2327307191053062e-21
 102.20440881763525	1.2301347985693402e-21
 103.20641282565128	1.2275388780333742e-21
 104.20841683366733	1.224942957497408e-21
 105.21042084168336	1.222347036961442e-21
 106.21242484969939	1.2197511164254758e-21
 107.21442885771542	1.2171551958895098e-21
 108.21643286573145	1.2145592753535438e-21
 109.21843687374748	1.2119633548175776e-21
 110.22044088176351	1.2095668399067643e-21
 111.22244488977955	1.2078773085760375e-21
 112.22444889779558	1.206187777245311e-21
 113.22645290581161	1.2044982459145844e-21
 114.22845691382764	1.2028087145838576e-21
 115.23046092184367	1.201119183253131e-21
 116.2324649298597	1.1994296519224045e-21
 117.23446893787573	1.197740120591678e-21
 118.23647294589178	1.1952888385285177e-21
 119.2384769539078	1.1913308416455768e-21
 120.24048096192384	1.1873728447626359e-21
 121.24248496993987	1.183414847879695e-21
 122.2444889779559	1.179456850996754e-21
 123.24649298597193	1.1754988541138131e-21
 124.24849699398796	1.1715408572308722e-21
 125.250501002004	1.1678057043167074e-21
 126.25250501002003	1.164739083308871e-21
 127.25450901803606	1.1616724623010346e-21
 128.2565130260521	1.1586058412931985e-21
 129.25851703406812	1.155539220285362e-21
 130.26052104208415	1.1524725992775257e-21
 131.26252505010018	1.1494059782696894e-21
 132.2645290581162	1.1463393572618532e-21
 133.26653306613224	1.1432727362540168e-21
 134.26853707414827	1.1402061152461805e-21
 135.2705410821643	1.137139494238344e-21
 136.27254509018036	1.1340728732305077e-21
 137.2745490981964	1.1310062522226714e-21
 138.27655310621242	1.1279396312148352e-21
 139.27855711422845	1.1248730102069988e-21
 140.28056112224448	1.1218063891991624e-21
 141.2825651302605	1.118739768191326e-21
 142.28456913827654	1.11567314718349e-21
 143.28657314629257	1.1126065261756535e-21
 144.2885771543086	1.109342844337363e-21
 145.29058116232463	1.105591984334894e-21
 146.29258517034066	1.101841124332425e-21
 147.2945891783567	1.0980902643299559e-21
 148.29659318637272	1.0943394043274868e-21
 149.29859719438875	1.0905885443250178e-21
 150.3006012024048	1.0867357699315063e-21
 151.30260521042084	1.08264519529223e-21
 152.30460921843687	1.0785546206529536e-21
 153.3066132264529	1.0744640460136772e-21
 154.30861723446893	1.070373471374401e-21
 155.31062124248496	1.0662828967351245e-21
 156.312625250501	1.0621923220958481e-21
 157.31462925851702	1.0581017474565719e-21
 158.31663326653305	1.0540111728172955e-21
 159.31863727454908	1.049920598178019e-21
 160.3206412825651	1.0458300235387428e-21
 161.32264529058114	1.0417394488994664e-21
 162.32464929859717	1.03764887426019e-21
 163.3266533066132	1.0335582996209136e-21
 164.32865731462925	1.0294677249816371e-21
 165.33066132264528	1.0253771503423607e-21
 166.3326653306613	1.0212865757030845e-21
 167.33466933867734	1.0173452263288796e-21
 168.33667334669337	1.0175675206223097e-21
 169.3386773547094	1.0177898149157398e-21
 170.34068136272543	1.0180121092091699e-21
 171.34268537074146	1.0182344035026e-21
 172.3446893787575	1.01845669779603e-21
 173.34669338677352	1.0186789920894601e-21
 174.34869739478955	1.0189012863828902e-21
 175.35070140280558	1.019058571731987e-21
 176.3527054108216	1.0190951261844651e-21
 177.35470941883764	1.0191316806369432e-21
 178.3567134268537	1.0191682350894213e-21
 179.35871743486973	1.0192047895418995e-21
 180.36072144288576	1.0192413439943776e-21
 181.3627254509018	1.0192778984468557e-21
 182.36472945891782	1.0193144528993338e-21
 183.36673346693385	1.019351007351812e-21
 184.36873747494988	1.01938756180429e-21
 185.3707414829659	1.0194241162567681e-21
 186.37274549098194	1.0194606707092463e-21
 187.37474949899797	1.0194972251617244e-21
 188.376753507014	1.0195337796142025e-21
 189.37875751503003	1.0195703340666806e-21
 190.38076152304606	1.0196068885191587e-21
 191.3827655310621	1.0196434429716368e-21
 192.38476953907815	1.019679997424115e-21
 193.38677354709418	1.019716551876593e-21
 194.3887775551102	1.0197531063290712e-21
 195.39078156312624	1.01555811611708e-21
 196.39278557114227	1.0108347778086253e-21
 197.3947895791583	1.0061114395001707e-21
 198.39679358717433	1.0013881011917159e-21
 199.39879759519036	9.966647628832612e-22
 200.4008016032064	9.923219177947127e-22
 201.40280561122242	9.885498125360236e-22
 202.40480961923845	9.847777072773346e-22
 203.40681362725448	9.810056020186455e-22
 204.4088176352705	9.772334967599565e-22
 205.41082164328654	9.734613915012674e-22
 206.41282565130257	9.696892862425783e-22
 207.41482965931863	9.659171809838893e-22
 208.41683366733466	9.621450757252002e-22
 209.4188376753507	9.583729704665112e-22
 210.42084168336672	9.546008652078221e-22
 211.42284569138275	9.50828759949133e-22
 212.42484969939878	9.47056654690444e-22
 213.4268537074148	9.43284549431755e-22
 214.42885771543084	9.395124441730659e-22
 215.43086172344687	9.357403389143768e-22
 216.4328657314629	9.319682336556877e-22
 217.43486973947893	9.281961283969987e-22
 218.43687374749496	9.244240231383096e-22
 219.438877755511	9.206519178796206e-22
 220.44088176352702	9.168798126209315e-22
 221.44288577154308	9.131077073622423e-22
 222.4448897795591	9.093356021035532e-22
 223.44689378757514	9.055634968448641e-22
 224.44889779559117	9.01791391586175e-22
 225.4509018036072	8.98019286327486e-22
 226.45290581162322	8.94247181068797e-22
 227.45490981963925	8.904750758101079e-22
 228.45691382765528	8.867029705514188e-22
 229.45891783567131	8.829308652927298e-22
 230.46092184368734	8.791587600340407e-22
 231.46292585170337	8.753866547753517e-22
 232.4649298597194	8.716145495166626e-22
 233.46693386773543	8.678424442579735e-22
 234.46893787575146	8.640703389992845e-22
 235.47094188376752	8.602982337405954e-22
 236.47294589178355	8.565261284819064e-22
 237.47494989979958	8.527540232232173e-22
 238.4769539078156	8.489819179645282e-22
 239.47895791583164	8.452098127058391e-22
 240.48096192384767	8.4143770744715e-22
 241.4829659318637	8.37665602188461e-22
 242.48496993987973	8.338934969297719e-22
 243.48697394789576	8.301213916710829e-22
 244.4889779559118	8.290436766674125e-22
 245.49098196392782	8.307928629149095e-22
 246.49298597194385	8.325420491624065e-22
 247.49498997995988	8.342912354099035e-22
 248.4969939879759	8.3604042165740045e-22
 249.49899799599197	8.377896079048976e-22
 250.501002004008	8.391139938661199e-22
 251.50300601202403	8.400135795410675e-22
 252.50501002004006	8.409131652160151e-22
 253.5070140280561	8.418127508909628e-22
 254.50901803607212	8.4271233656591045e-22
 255.51102204408815	8.436119222408581e-22
 256.5130260521042	8.445115079158057e-22
 257.51503006012024	8.454110935907533e-22
 258.51703406813624	8.46310679265701e-22
 259.5190380761523	8.472102649406487e-22
 260.5210420841683	8.481098506155963e-22
 261.52304609218436	8.49009436290544e-22
 262.52505010020036	8.499090219654915e-22
 263.5270541082164	8.508086076404391e-22
 264.5290581162324	8.517081933153868e-22
 265.5310621242485	8.526077789903344e-22
 266.5330661322645	8.535073646652821e-22
 267.53507014028054	8.544069503402298e-22
 268.53707414829654	8.553065360151774e-22
 269.5390781563126	8.56206121690125e-22
 270.5410821643286	8.571057073650726e-22
 271.54308617234466	8.580052930400202e-22
 272.5450901803607	8.589048787149679e-22
 273.5470941883767	8.598044643899155e-22
 274.5490981963928	8.607040500648632e-22
 275.5511022044088	8.616036357398109e-22
 276.55310621242484	8.625032214147585e-22
 277.55511022044084	8.634028070897062e-22
 278.5571142284569	8.643023927646538e-22
 279.5591182364729	8.652019784396013e-22
 280.56112224448896	8.66101564114549e-22
 281.56312625250496	8.670011497894966e-22
 282.565130260521	8.679007354644443e-22
 283.567134268537	8.68800321139392e-22
 284.5691382765531	8.696999068143396e-22
 285.57114228456913	8.705994924892873e-22
 286.57314629258514	8.71499078164235e-22
 287.5751503006012	8.723986638391826e-22
 288.5771543086172	8.7329824951413e-22
 289.57915831663325	8.74197835189078e-22
 290.58116232464926	8.750974208640254e-22
 291.5831663326653	8.75997006538973e-22
 292.5851703406813	8.768965922139207e-22
 293.5871743486974	8.777961778888684e-22
 294.5891783567134	8.77849013064005e-22
 295.59118236472943	8.758146053231133e-22
 296.59318637274544	8.737801975822216e-22
 297.5951903807615	8.7174578984133e-22
 298.5971943887775	8.697113821004385e-22
 299.59919839679355	8.676769743595468e-22
 300.6012024048096	8.656648931742561e-22
 301.6032064128256	8.636676963593663e-22
 302.6052104208417	8.616704995444763e-22
 303.6072144288577	8.596733027295863e-22
 304.60921843687373	8.576761059146965e-22
 305.61122244488973	8.556789090998065e-22
 306.6132264529058	8.536817122849165e-22
 307.6152304609218	8.516845154700267e-22
 308.61723446893785	8.496873186551367e-22
 309.61923847695385	8.476901218402469e-22
 310.6212424849699	8.456929250253568e-22
 311.6232464929859	8.43695728210467e-22
 312.625250501002	8.41698531395577e-22
 313.62725450901803	8.39701334580687e-22
 314.62925851703403	8.377041377657971e-22
 315.6312625250501	8.357069409509071e-22
 316.6332665330661	8.337097441360173e-22
 317.63527054108215	8.317125473211273e-22
 318.63727454909815	8.297153505062374e-22
 319.6392785571142	8.277181536913474e-22
 320.6412825651302	8.257209568764576e-22
 321.64328657314627	8.237237600615676e-22
 322.64529058116227	8.217265632466777e-22
 323.64729458917833	8.197293664317877e-22
 324.64929859719433	8.177321696168978e-22
 325.6513026052104	8.157349728020078e-22
 326.6533066132264	8.137377759871179e-22
 327.65531062124245	8.117405791722279e-22
 328.6573146292585	8.097433823573379e-22
 329.6593186372745	8.07746185542448e-22
 330.66132264529057	8.057489887275581e-22
 331.66332665330657	8.037517919126682e-22
 332.6653306613226	8.017545950977782e-22
 333.66733466933863	7.997573982828883e-22
 334.6693386773547	7.977602014679984e-22
 335.6713426853707	7.957630046531085e-22
 336.67334669338675	7.937658078382185e-22
 337.67535070140275	7.93437380713827e-22
 338.6773547094188	7.931545558842447e-22
 339.6793587174348	7.928717310546623e-22
 340.68136272545087	7.9258890622508e-22
 341.68336673346687	7.923060813954976e-22
 342.6853707414829	7.9202325656591535e-22
 343.687374749499	7.91740431736333e-22
 344.689378757515	7.914576069067507e-22
 345.69138276553105	7.911747820771684e-22
 346.69338677354705	7.90891957247586e-22
 347.6953907815631	7.906091324180037e-22
 348.6973947895791	7.903263075884213e-22
 349.69939879759517	7.900434827588391e-22
 350.70140280561117	7.897606579292567e-22
 351.7034068136272	7.894778330996744e-22
 352.7054108216432	7.891950082700921e-22
 353.7074148296593	7.889121834405097e-22
 354.7094188376753	7.886293586109274e-22
 355.71142284569135	7.88346533781345e-22
 356.7134268537074	7.880637089517628e-22
 357.7154308617234	7.877808841221804e-22
 358.71743486973946	7.874980592925981e-22
 359.71943887775547	7.872152344630157e-22
 360.7214428857715	7.869324096334334e-22
 361.7234468937875	7.866495848038511e-22
 362.7254509018036	7.863667599742687e-22
 363.7274549098196	7.860839351446865e-22
 364.72945891783564	7.858011103151041e-22
 365.73146292585164	7.855182854855218e-22
 366.7334669338677	7.852354606559394e-22
 367.7354709418837	7.849526358263571e-22
 368.73747494989976	7.846698109967747e-22
 369.73947895791576	7.8438698616719245e-22
 370.7414829659318	7.841041613376102e-22
 371.7434869739479	7.838213365080278e-22
 372.7454909819639	7.835385116784455e-22
 373.74749498997994	7.832556868488631e-22
 374.74949899799594	7.829728620192808e-22
 375.751503006012	7.826900371896984e-22
 376.753507014028	7.8240721236011615e-22
 377.75551102204406	7.821243875305338e-22
 378.75751503006006	7.818415627009515e-22
 379.7595190380761	7.815587378713692e-22
 380.7615230460921	7.812759130417868e-22
 381.7635270541082	7.809930882122045e-22
 382.7655310621242	7.807102633826221e-22
 383.76753507014024	7.804274385530399e-22
 384.7695390781563	7.801446137234575e-22
 385.7715430861723	7.798617888938752e-22
 386.77354709418836	7.795789640642929e-22
 387.77555110220436	7.792961392347105e-22
 388.7775551102204	7.790133144051282e-22
 389.7795591182364	7.787304895755458e-22
 390.7815631262525	7.784476647459636e-22
 391.7835671342685	7.781648399163812e-22
 392.78557114228454	7.778820150867989e-22
 393.78757515030054	7.775991902572166e-22
 394.7895791583166	7.773163654276342e-22
 395.7915831663326	7.770335405980519e-22
 396.79358717434866	7.7674719392784535e-22
 397.79559118236466	7.764461401095249e-22
 398.7975951903807	7.761450862912044e-22
 399.7995991983968	7.758440324728839e-22
 400.8016032064128	7.75233803746917e-22
 401.80360721442884	7.745462812940383e-22
 402.80561122244484	7.738587588411598e-22
 403.8076152304609	7.7317123638828125e-22
 404.8096192384769	7.724837139354026e-22
 405.81162324649296	7.717961914825241e-22
 406.81362725450896	7.711086690296455e-22
 407.815631262525	7.704211465767669e-22
 408.817635270541	7.697336241238883e-22
 409.8196392785571	7.690461016710097e-22
 410.8216432865731	7.683585792181312e-22
 411.82364729458914	7.676710567652525e-22
 412.82565130260514	7.66983534312374e-22
 413.8276553106212	7.662960118594954e-22
 414.82965931863725	7.656084894066168e-22
 415.83166332665326	7.649209669537383e-22
 416.8336673346693	7.642334445008596e-22
 417.8356713426853	7.635459220479811e-22
 418.8376753507014	7.628583995951024e-22
 419.8396793587174	7.621708771422239e-22
 420.84168336673343	7.614833546893454e-22
 421.84368737474944	7.607958322364667e-22
 422.8456913827655	7.601083097835882e-22
 423.8476953907815	7.594207873307096e-22
 424.84969939879755	7.58733264877831e-22
 425.85170340681356	7.580457424249525e-22
 426.8537074148296	7.573582199720738e-22
 427.8557114228457	7.566706975191953e-22
 428.8577154308617	7.559831750663167e-22
 429.85971943887773	7.552956526134381e-22
 430.86172344689373	7.5460813016055955e-22
 431.8637274549098	7.539206077076809e-22
 432.8657314629258	7.532330852548024e-22
 433.86773547094185	7.525455628019237e-22
 434.86973947895785	7.518580403490452e-22
 435.8717434869739	7.5117051789616665e-22
 436.8737474949899	7.50482995443288e-22
 437.875751503006	7.497954729904095e-22
 438.877755511022	7.491079505375309e-22
 439.87975951903803	7.484204280846523e-22
 440.88176352705403	7.477329056317737e-22
 441.8837675350701	7.470453831788951e-22
 442.88577154308615	7.463578607260166e-22
 443.88777555110215	7.456703382731379e-22
 444.8897795591182	7.449828158202594e-22
 445.8917835671342	7.442272353129507e-22
 446.89378757515027	7.433059970138147e-22
 447.8957915831663	7.423847587146789e-22
 448.89779559118233	7.41463520415543e-22
 449.89979959919833	7.4054228211640715e-22
 450.9018036072144	7.396210438172712e-22
 451.9038076152304	7.386998055181353e-22
 452.90581162324645	7.377785672189994e-22
 453.90781563126245	7.368573289198635e-22
 454.9098196392785	7.359360906207276e-22
 455.9118236472945	7.350148523215917e-22
 456.91382765531057	7.340936140224558e-22
 457.9158316633266	7.331723757233198e-22
 458.91783567134263	7.32251137424184e-22
 459.9198396793587	7.313298991250481e-22
 460.9218436873747	7.304086608259123e-22
 461.92384769539075	7.294874225267763e-22
 462.92585170340675	7.285661842276404e-22
 463.9278557114228	7.276449459285045e-22
 464.9298597194388	7.267237076293687e-22
 465.93186372745487	7.258024693302327e-22
 466.93386773547087	7.248812310310968e-22
 467.9358717434869	7.239599927319609e-22
 468.93787575150293	7.2303875443282505e-22
 469.939879759519	7.221175161336891e-22
 470.94188376753505	7.211962778345532e-22
 471.94388777555105	7.202750395354174e-22
 472.9458917835671	7.193538012362814e-22
 473.9478957915831	7.184325629371455e-22
 474.94989979959917	7.175113246380096e-22
 475.95190380761517	7.165900863388738e-22
 476.9539078156312	7.156688480397378e-22
 477.9559118236472	7.147476097406019e-22
 478.9579158316633	7.13826371441466e-22
 479.9599198396793	7.129051331423302e-22
 480.96192384769535	7.119838948431942e-22
 481.96392785571135	7.110626565440584e-22
 482.9659318637274	7.101414182449225e-22
 483.9679358717434	7.092201799457866e-22
 484.96993987975947	7.082989416466506e-22
 485.9719438877755	7.073777033475147e-22
 486.9739478957915	7.064564650483789e-22
 487.9759519038076	7.0553522674924295e-22
 488.9779559118236	7.046139884501071e-22
 489.97995991983964	7.036927501509712e-22
 490.98196392785565	7.027715118518353e-22
 491.9839679358717	7.0185027355269935e-22
 492.9859719438877	7.009290352535635e-22
 493.98797595190376	7.000077969544276e-22
 494.98997995991976	6.990865586552917e-22
 495.9919839679358	6.981653203561557e-22
 496.9939879759518	6.972440820570199e-22
 497.9959919839679	6.96322843757884e-22
 498.99799599198394	6.954016054587481e-22
 500.0	6.944803671596121e-22
 525.0	0.0
------------------------------

EXCITATION
CH4 -> C
30.0
REACTION: e + CH4 -> e + C + H2 + H2
INPUT_SPECIES: e CH4
OUTPUT_SPECIES: e C H2 H2
CREATED ON: 12/11/2020 12:16:31
CS_FILENAME: e_CH4_->_e_C_H2_H2
COLUMNS: Energy (eV) | Cross section (m2) 
------------------------------
 15.0	0.0
 15.3	0.0
 17.0	0.0
 18.1	0.0
 20.0	0.0
 21.4	0.0
 22.5	0.0
 25.0	0.0
 30.0	5.425374696959947e-23
 30.1	5.808343462713102e-23
 35.0	2.05593018905771e-22
 40.0	3.4492351848104066e-22
 41.8	3.5972170008993127e-22
 45.0	3.679644163730938e-22
 50.0	4.1117314650351964e-22
 52.6	4.126628313443556e-22
 60.0	4.2154828923186274e-22
 66.0	4.411787678576338e-22
 70.0	4.5208985655173795e-22
 74.1	4.684857335249403e-22
 80.0	4.735004937754917e-22
 85.0	4.630845376363151e-22
 90.0	4.4357136680278675e-22
 91.9	4.397119159453493e-22
 100.0	4.380962441072404e-22
 110.0	4.43891561353445e-22
 117.9	4.4418877094092015e-22
 125.0	4.3859404144849955e-22
 144.0	4.2062231856131056e-22
 150.0	4.1342591808284975e-22
 167.3	3.857284451681782e-22
 175.0	3.859535583157567e-22
 194.5	3.893539976977472e-22
 200.0	3.8039729085758243e-22
 244.0	3.028303342154417e-22
 250.0	3.0434704950682763e-22
 294.3	3.221450964351653e-22
 300.0	3.1839762499003427e-22
 336.7	2.827658043268074e-22
 396.6	2.5856056350092528e-22
 400.0	2.5698593160818635e-22
 445.6	2.4455693845417167e-22
 500.0	2.2530851606323297e-22
 525.0	0.0
------------------------------

IONIZATION
CH4
22.3
REACTION: e + CH4 -> e + e + CH2 + H2+
INPUT_SPECIES: e CH4
OUTPUT_SPECIES: e e CH2 H2+
CREATED ON: 12/11/2020 12:16:31
CS_FILENAME: e_CH4_->_e_e_CH2_H2+
COLUMNS: Energy (eV) | Cross section (m2) 
------------------------------
 22.3	0.0
 25.0	6.1e-24
 30.0	1.05e-23
 35.0	6.02e-23
 40.0	1.5e-22
 45.0	2.23e-22
 50.0	2.6800000000000003e-22
 60.0	3.2099999999999996e-22
 70.0	3.52e-22
 80.0	3.6400000000000004e-22
 90.0	3.71e-22
 100.0	3.6900000000000003e-22
 110.0	3.59e-22
 125.0	3.45e-22
 150.0	3.22e-22
 175.0	2.84e-22
 200.0	2.53e-22
 250.0	2.14e-22
 300.0	1.8900000000000002e-22
 400.0	1.3800000000000001e-22
 500.0	1.1100000000000002e-22
 600.0	9.11e-23
 700.0	8.340000000000001e-23
 800.0	7.21e-23
 900.0	5.880000000000001e-23
 1000.0	5.420000000000001e-23
 1050.0	0.0
------------------------------

IONIZATION
CH4
21.1
REACTION: e + CH4 -> e + e + CH3 + H+
INPUT_SPECIES: e CH4
OUTPUT_SPECIES: e e CH3 H+
CREATED ON: 12/11/2020 12:16:31
CS_FILENAME: e_CH4_->_e_e_CH3_H+
COLUMNS: Energy (eV) | Cross section (m2) 
------------------------------
 21.1	0.0
 25.0	6.900000000000001e-23
 30.0	2.87e-22
 35.0	7.000000000000001e-22
 40.0	1.3e-21
 45.0	1.9600000000000003e-21
 50.0	2.49e-21
 60.0	3.29e-21
 70.0	3.8e-21
 80.0	4.1e-21
 90.0	4.28e-21
 100.0	4.3e-21
 110.0	4.29e-21
 125.0	4.12e-21
 150.0	3.8100000000000004e-21
 175.0	3.53e-21
 200.0	3.2800000000000003e-21
 250.0	2.6800000000000003e-21
 300.0	2.3000000000000004e-21
 400.0	1.77e-21
 500.0	1.43e-21
 600.0	1.2e-21
 700.0	1.0100000000000002e-21
 800.0	8.71e-22
 900.0	7.74e-22
 1000.0	6.88e-22
 1050.0	0.0
------------------------------

IONIZATION
CH4
12.63
REACTION: e + CH4 -> e + e + CH4+
INPUT_SPECIES: e CH4
OUTPUT_SPECIES: e e CH4+
CREATED ON: 12/11/2020 12:16:31
CS_FILENAME: e_CH4_->_e_e_CH4+
COLUMNS: Energy (eV) | Cross section (m2) 
------------------------------
 12.63	0.0
 15.0	1.82e-21
 17.0	4.79e-21
 20.0	8.25e-21
 22.5	1.03e-20
 25.0	1.2e-20
 30.0	1.3600000000000003e-20
 35.0	1.4100000000000002e-20
 40.0	1.45e-20
 45.0	1.5e-20
 50.0	1.53e-20
 60.0	1.55e-20
 70.0	1.5600000000000003e-20
 80.0	1.55e-20
 90.0	1.54e-20
 100.0	1.52e-20
 110.0	1.49e-20
 125.0	1.44e-20
 150.0	1.3799999999999998e-20
 175.0	1.3100000000000002e-20
 200.0	1.25e-20
 250.0	1.1299999999999999e-20
 300.0	1.04e-20
 400.0	8.910000000000001e-21
 500.0	7.78e-21
 600.0	6.860000000000001e-21
 700.0	6.229999999999999e-21
 800.0	5.52e-21
 900.0	5.16e-21
 1000.0	4.7599999999999996e-21
 1050.0	0.0
------------------------------

IONIZATION
CH4
16.2
REACTION: e + CH4 -> e + e + H2 + CH2+
INPUT_SPECIES: e CH4
OUTPUT_SPECIES: e e H2 CH2+
CREATED ON: 12/11/2020 12:16:31
CS_FILENAME: e_CH4_->_e_e_H2_CH2+
COLUMNS: Energy (eV) | Cross section (m2) 
------------------------------
 16.2	0.0
 17.0	5.000000000000001e-23
 20.0	1.57e-22
 22.5	2.64e-22
 25.0	5.180000000000001e-22
 30.0	1.3100000000000002e-21
 35.0	2.0300000000000002e-21
 40.0	2.48e-21
 45.0	2.79e-21
 50.0	2.88e-21
 60.0	3.0199999999999997e-21
 70.0	3.0700000000000002e-21
 80.0	3.1100000000000005e-21
 90.0	3.0399999999999998e-21
 100.0	3.0399999999999998e-21
 110.0	3e-21
 125.0	2.87e-21
 150.0	2.6600000000000002e-21
 175.0	2.46e-21
 200.0	2.3300000000000004e-21
 250.0	1.9900000000000003e-21
 300.0	1.77e-21
 400.0	1.3900000000000001e-21
 500.0	1.1899999999999999e-21
 600.0	1.03e-21
 700.0	8.92e-22
 800.0	7.98e-22
 900.0	7.26e-22
 1000.0	6.54e-22
 1050.0	0.0
------------------------------

IONIZATION
CH4
22.0
REACTION: e + CH4 -> e + e + H2 + H2 + C+
INPUT_SPECIES: e CH4
OUTPUT_SPECIES: e e H2 H2 C+
CREATED ON: 12/11/2020 12:16:31
CS_FILENAME: e_CH4_->_e_e_H2_H2_C+
COLUMNS: Energy (eV) | Cross section (m2) 
------------------------------
 22.0	0.0
 30.0	3.01e-23
 35.0	1.4100000000000001e-22
 40.0	2.74e-22
 45.0	3.44e-22
 50.0	4.27e-22
 60.0	4.92e-22
 70.0	5.5500000000000005e-22
 80.0	5.970000000000001e-22
 90.0	5.940000000000001e-22
 100.0	5.92e-22
 110.0	5.98e-22
 125.0	5.78e-22
 150.0	5.32e-22
 175.0	4.81e-22
 200.0	4.440000000000001e-22
 250.0	3.56e-22
 300.0	3.1e-22
 400.0	2.13e-22
 500.0	1.7000000000000002e-22
 600.0	1.43e-22
 700.0	1.2500000000000001e-22
 800.0	9.719999999999999e-23
 900.0	9.26e-23
 1000.0	8.269999999999999e-23
 1050.0	0.0
------------------------------

IONIZATION
CH4
12.63
REACTION: e + CH4 -> e + e + H + CH3+
INPUT_SPECIES: e CH4
OUTPUT_SPECIES: e e H CH3+
CREATED ON: 12/11/2020 12:16:31
CS_FILENAME: e_CH4_->_e_e_H_CH3+
COLUMNS: Energy (eV) | Cross section (m2) 
------------------------------
 12.63	0.0
 15.0	3.5000000000000005e-22
 17.0	2.2e-21
 20.0	4.74e-21
 22.5	6.850000000000002e-21
 25.0	8.569999999999999e-21
 30.0	1.05e-20
 35.0	1.1100000000000001e-20
 40.0	1.14e-20
 45.0	1.1900000000000001e-20
 50.0	1.2199999999999999e-20
 60.0	1.25e-20
 70.0	1.2699999999999999e-20
 80.0	1.26e-20
 90.0	1.26e-20
 100.0	1.2400000000000001e-20
 110.0	1.2199999999999999e-20
 125.0	1.1900000000000001e-20
 150.0	1.1299999999999999e-20
 175.0	1.08e-20
 200.0	1.03e-20
 250.0	9.34e-21
 300.0	8.550000000000001e-21
 400.0	7.189999999999999e-21
 500.0	6.3800000000000005e-21
 600.0	5.600000000000001e-21
 700.0	5.0700000000000004e-21
 800.0	4.540000000000001e-21
 900.0	4.1999999999999995e-21
 1000.0	3.85e-21
 1050.0	0.0
------------------------------

IONIZATION
CH4
22.2
REACTION: e + CH4 -> e + e + H + H2 + CH+
INPUT_SPECIES: e CH4
OUTPUT_SPECIES: e e H H2 CH+
CREATED ON: 12/11/2020 12:16:31
CS_FILENAME: e_CH4_->_e_e_H_H2_CH+
COLUMNS: Energy (eV) | Cross section (m2) 
------------------------------
 22.2	0.0
 25.0	4.1e-23
 30.0	2.92e-22
 35.0	7.46e-22
 40.0	1.1200000000000002e-21
 45.0	1.3600000000000001e-21
 50.0	1.44e-21
 60.0	1.63e-21
 70.0	1.73e-21
 80.0	1.7199999999999998e-21
 90.0	1.74e-21
 100.0	1.6700000000000002e-21
 110.0	1.63e-21
 125.0	1.54e-21
 150.0	1.4000000000000002e-21
 175.0	1.27e-21
 200.0	1.16e-21
 250.0	9.81e-22
 300.0	8.44e-22
 400.0	6.43e-22
 500.0	5.240000000000001e-22
 600.0	4.35e-22
 700.0	3.7800000000000004e-22
 800.0	3.27e-22
 900.0	3.0200000000000002e-22
 1000.0	2.7199999999999996e-22
 1050.0	0.0
------------------------------


