Townsend ioniz. coef. alpha/N (m2)
AIRFUEL
COMMENT: generated by bolsig_convert.py
-----------------------
0.01	0.0
19.5	0.0
19.73	5.607e-36
19.98	8.035e-36
20.22	1.146e-35
20.47	1.626e-35
20.72	2.297e-35
20.98	3.229e-35
21.24	4.518e-35
21.5	6.292e-35
21.76	8.722e-35
22.03	1.204e-34
22.3	1.654e-34
22.57	2.262e-34
22.85	3.081e-34
23.13	4.178e-34
23.42	5.642e-34
23.7	7.588e-34
24.0	1.16e-31
24.29	1.589e-31
24.59	2.168e-31
24.89	2.946e-31
25.2	3.988e-31
25.51	5.378e-31
25.82	7.224e-31
26.14	9.668e-31
26.46	1.289e-30
26.79	1.712e-30
27.11	2.266e-30
27.45	2.987e-30
27.79	3.925e-30
28.13	5.139e-30
28.47	6.705e-30
28.82	8.718e-30
29.18	1.13e-29
29.54	1.511e-29
29.9	1.947e-29
30.27	2.502e-29
30.64	3.204e-29
31.01	4.091e-29
31.4	5.208e-29
31.78	6.609e-29
32.17	8.362e-29
32.57	1.055e-28
32.97	1.327e-28
33.37	1.664e-28
33.78	2.082e-28
34.2	2.597e-28
34.62	3.23e-28
35.05	4.006e-28
35.48	4.956e-28
35.91	6.115e-28
36.35	7.525e-28
36.8	9.237e-28
37.25	1.131e-27
37.71	1.385e-27
38.17	1.688e-27
38.64	2.051e-27
39.12	2.487e-27
39.6	3.008e-27
40.09	3.63e-27
40.58	4.37e-27
41.08	5.25e-27
41.58	6.292e-27
42.09	7.524e-27
42.61	8.977e-27
43.14	1.069e-26
43.67	1.27e-26
44.2	1.506e-26
44.75	1.781e-26
45.3	2.103e-26
45.85	2.478e-26
46.42	2.914e-26
46.99	3.42e-26
47.57	4.005e-26
48.15	4.682e-26
48.74	5.458e-26
49.34	6.355e-26
49.95	7.387e-26
50.56	8.571e-26
51.18	9.925e-26
51.81	1.147e-25
52.45	1.324e-25
53.09	1.525e-25
53.75	1.753e-25
54.41	2.013e-25
55.08	2.306e-25
55.75	2.638e-25
56.44	3.013e-25
57.13	3.435e-25
57.84	3.91e-25
58.55	4.444e-25
59.27	5.042e-25
59.99	5.712e-25
60.73	6.46e-25
61.48	7.295e-25
62.23	8.225e-25
63.0	9.26e-25
63.77	1.041e-24
64.56	1.169e-24
65.35	1.31e-24
66.15	1.466e-24
66.97	1.638e-24
67.79	1.828e-24
68.62	2.037e-24
69.47	2.267e-24
70.32	2.519e-24
71.19	2.795e-24
72.06	3.097e-24
72.95	3.428e-24
73.84	3.789e-24
74.75	4.182e-24
75.67	4.611e-24
76.6	5.076e-24
77.54	5.582e-24
78.5	6.131e-24
79.46	6.725e-24
80.44	7.368e-24
81.43	8.062e-24
82.43	8.822e-24
83.44	9.63e-24
84.47	1.05e-23
85.51	1.144e-23
86.56	1.245e-23
87.62	1.353e-23
88.7	1.468e-23
89.79	1.593e-23
90.89	1.725e-23
92.01	1.867e-23
93.14	2.019e-23
94.29	2.18e-23
95.44	2.353e-23
96.62	2.536e-23
97.81	2.731e-23
99.01	2.939e-23
100.2	3.159e-23
101.5	3.393e-23
102.7	3.641e-23
104.0	3.903e-23
105.2	4.181e-23
106.5	4.473e-23
107.8	4.783e-23
109.2	5.111e-23
110.5	5.457e-23
111.9	5.822e-23
113.3	6.206e-23
114.6	6.611e-23
116.1	7.037e-23
117.5	7.485e-23
118.9	7.956e-23
120.4	8.451e-23
121.9	8.97e-23
123.4	9.514e-23
124.9	1.009e-22
126.4	1.068e-22
128.0	1.131e-22
129.5	1.196e-22
131.1	1.265e-22
132.7	1.337e-22
134.4	1.412e-22
136.0	1.49e-22
137.7	1.572e-22
139.4	1.657e-22
141.1	1.746e-22
142.8	1.838e-22
144.6	1.935e-22
146.4	2.035e-22
148.2	2.139e-22
150.0	2.248e-22
151.8	2.361e-22
153.7	2.479e-22
155.6	2.601e-22
157.5	2.728e-22
159.4	2.859e-22
161.4	2.996e-22
163.4	3.137e-22
165.4	3.284e-22
167.4	3.437e-22
169.5	3.595e-22
171.6	3.759e-22
173.7	3.928e-22
175.8	4.103e-22
178.0	4.285e-22
180.2	4.472e-22
182.4	4.666e-22
184.6	4.866e-22
186.9	5.074e-22
189.2	5.288e-22
191.5	5.508e-22
193.9	5.737e-22
196.3	5.972e-22
198.7	6.215e-22
201.1	6.465e-22
203.6	6.724e-22
206.1	6.99e-22
208.6	7.264e-22
211.2	7.546e-22
213.8	7.837e-22
216.4	8.137e-22
219.1	8.446e-22
221.8	8.763e-22
224.5	9.09e-22
227.2	9.425e-22
230.0	9.771e-22
232.9	1.013e-21
235.7	1.049e-21
238.6	1.087e-21
241.6	1.125e-21
244.5	1.165e-21
247.5	1.205e-21
250.6	1.247e-21
253.7	1.29e-21
256.8	1.333e-21
259.9	1.378e-21
263.1	1.425e-21
266.4	1.472e-21
269.6	1.52e-21
273.0	1.57e-21
276.3	1.621e-21
279.7	1.673e-21
283.1	1.726e-21
286.6	1.781e-21
290.2	1.837e-21
293.7	1.894e-21
297.3	1.953e-21
301.0	2.013e-21
304.7	2.074e-21
308.4	2.137e-21
312.2	2.201e-21
316.1	2.267e-21
319.9	2.334e-21
323.9	2.402e-21
327.9	2.472e-21
331.9	2.543e-21
336.0	2.616e-21
340.1	2.691e-21
344.3	2.767e-21
348.5	2.844e-21
352.8	2.923e-21
357.1	3.004e-21
361.5	3.087e-21
366.0	3.171e-21
370.5	3.256e-21
375.0	3.344e-21
379.6	3.433e-21
384.3	3.523e-21
389.0	3.616e-21
393.8	3.71e-21
398.7	3.806e-21
403.6	3.904e-21
408.5	4.003e-21
413.5	4.105e-21
418.6	4.208e-21
423.8	4.313e-21
429.0	4.42e-21
434.2	4.529e-21
439.6	4.639e-21
445.0	4.752e-21
450.5	4.867e-21
456.0	4.983e-21
461.6	5.101e-21
467.3	5.222e-21
473.0	5.344e-21
478.8	5.468e-21
484.7	5.595e-21
490.7	5.723e-21
496.7	5.853e-21
502.8	5.986e-21
509.0	6.12e-21
515.3	6.257e-21
521.6	6.395e-21
528.0	6.536e-21
534.5	6.679e-21
541.1	6.824e-21
547.7	6.971e-21
554.5	7.12e-21
561.3	7.272e-21
568.2	7.426e-21
575.2	7.581e-21
582.2	7.739e-21
589.4	7.9e-21
596.6	8.062e-21
604.0	8.227e-21
611.4	8.393e-21
618.9	8.562e-21
626.5	8.734e-21
634.2	8.907e-21
642.0	9.083e-21
649.9	9.261e-21
657.9	9.441e-21
666.0	9.624e-21
674.2	9.809e-21
682.5	9.996e-21
690.8	1.018e-20
699.3	1.038e-20
707.9	1.057e-20
716.6	1.077e-20
725.4	1.097e-20
734.4	1.117e-20
743.4	1.137e-20
752.5	1.158e-20
761.8	1.178e-20
771.1	1.199e-20
780.6	1.221e-20
790.2	1.242e-20
799.9	1.264e-20
809.8	1.286e-20
819.7	1.308e-20
829.8	1.33e-20
840.0	1.353e-20
850.3	1.376e-20
860.8	1.399e-20
871.4	1.422e-20
882.1	1.445e-20
892.9	1.469e-20
903.9	1.493e-20
915.0	1.517e-20
926.3	1.542e-20
937.6	1.566e-20
949.2	1.591e-20
960.8	1.616e-20
972.6	1.642e-20
984.6	1.667e-20
996.7	1.693e-20
1009.0	1.719e-20
1021.0	1.745e-20
1034.0	1.771e-20
1047.0	1.798e-20
1059.0	1.824e-20
1073.0	1.851e-20
1086.0	1.878e-20
1099.0	1.906e-20
1113.0	1.933e-20
1126.0	1.961e-20
1140.0	1.989e-20
1154.0	2.017e-20
1168.0	2.045e-20
1183.0	2.074e-20
1197.0	2.102e-20
1212.0	2.131e-20
1227.0	2.16e-20
1242.0	2.189e-20
1257.0	2.218e-20
1273.0	2.248e-20
1288.0	2.277e-20
1304.0	2.307e-20
1320.0	2.337e-20
1336.0	2.367e-20
1353.0	2.397e-20
1369.0	2.427e-20
1386.0	2.458e-20
1403.0	2.488e-20
1421.0	2.519e-20
1438.0	2.55e-20
1456.0	2.581e-20
1474.0	2.612e-20
1492.0	2.643e-20
1510.0	2.674e-20
1529.0	2.705e-20
1547.0	2.737e-20
1566.0	2.768e-20
1586.0	2.8e-20
1605.0	2.831e-20
1625.0	2.863e-20
1645.0	2.895e-20
1665.0	2.926e-20
1686.0	2.958e-20
1706.0	2.99e-20
1727.0	3.022e-20
1748.0	3.054e-20
1770.0	3.086e-20
1792.0	3.117e-20
1814.0	3.149e-20
1836.0	3.181e-20
1859.0	3.213e-20
1881.0	3.245e-20
1905.0	3.277e-20
1928.0	3.309e-20
1952.0	3.34e-20
1976.0	3.372e-20
2000.0	3.404e-20
-----------------------
