# Generated by swarm_to_lfa.py
# Date: 04/09/2021, 16:13:51
# First column:  Electric field / N (Td) 

# Guess for reaction list
reaction_list
-----------------------
# Ionization
e + N2 -> e + e + N2+,field_table,C25 N2 Ionization 15.60 eV (1/s)
e + N2 -> e + e + N2+,field_table,C26 N2 Ionization 18.80 eV (1/s)
e + O2 -> e + e + O2+,field_table,C43 O2 Ionization 12.06 eV (1/s)
# Attachment
e + O2 + O2 -> O2-,field_table,C27 O2 Attachment (1/s)
e + O2 -> O2-,field_table,C28 O2 Attachment (1/s)
-----------------------

Mean energy (eV)
-----------------------
2.00000200E+00 3.58336200E-01
2.49896100E+00 4.34830700E-01
3.99583900E+00 6.39946700E-01
6.49063500E+00 8.27788500E-01
9.98335000E+00 9.38358600E-01
1.44739800E+01 9.99844600E-01
1.99625300E+01 1.04147400E+00
2.64490000E+01 1.07361800E+00
3.39333900E+01 1.11073100E+00
4.24157000E+01 1.17058900E+00
5.18959300E+01 1.29514200E+00
6.23740700E+01 1.51918700E+00
7.38501300E+01 1.83781800E+00
8.63241100E+01 2.25662700E+00
9.97960100E+01 2.71926600E+00
1.14265800E+02 3.19366900E+00
1.29733600E+02 3.66521300E+00
1.46199200E+02 4.11413700E+00
1.63662800E+02 4.53998400E+00
1.82124300E+02 4.94922400E+00
2.01583700E+02 5.34671600E+00
2.22041000E+02 5.73473600E+00
2.43496300E+02 6.11319600E+00
2.65949400E+02 6.47969500E+00
2.89400500E+02 6.84930500E+00
3.13849500E+02 7.22723400E+00
3.39296400E+02 7.60644500E+00
3.65741300E+02 7.98736300E+00
3.93184000E+02 8.38713600E+00
4.21624700E+02 8.77533000E+00
4.51063300E+02 9.20831100E+00
4.81499800E+02 9.60710900E+00
5.12934300E+02 1.00288500E+01
5.45366600E+02 1.04689400E+01
5.78796900E+02 1.09160100E+01
6.13225100E+02 1.13602100E+01
6.48651200E+02 1.18390200E+01
6.85075200E+02 1.23139000E+01
7.22497100E+02 1.27736000E+01
7.60917000E+02 1.32697600E+01
8.00334800E+02 1.37956400E+01
8.40750500E+02 1.43547700E+01
8.82164100E+02 1.48490100E+01
9.24575600E+02 1.54160200E+01
9.67985100E+02 1.59831000E+01
1.01239200E+03 1.65454800E+01
1.05779800E+03 1.71404600E+01
1.10420100E+03 1.77240500E+01
1.15160200E+03 1.83785400E+01
1.20000100E+03 1.90124200E+01
-----------------------

Mobility *N (1/m/V/s)
-----------------------
2.00000200E+00 4.79571200E+24
2.49896100E+00 4.25183400E+24
3.99583900E+00 3.18740100E+24
6.49063500E+00 2.42314400E+24
9.98335000E+00 1.99661400E+24
1.44739800E+01 1.75801200E+24
1.99625300E+01 1.62030000E+24
2.64490000E+01 1.52130800E+24
3.39333900E+01 1.44948000E+24
4.24157000E+01 1.37601100E+24
5.18959300E+01 1.32468000E+24
6.23740700E+01 1.26982900E+24
7.38501300E+01 1.22166400E+24
8.63241100E+01 1.18566300E+24
9.97960100E+01 1.15216300E+24
1.14265800E+02 1.12300700E+24
1.29733600E+02 1.09333700E+24
1.46199200E+02 1.06663200E+24
1.63662800E+02 1.03848000E+24
1.82124300E+02 1.01720600E+24
2.01583700E+02 9.93466400E+23
2.22041000E+02 9.70679600E+23
2.43496300E+02 9.51827000E+23
2.65949400E+02 9.29427500E+23
2.89400500E+02 9.11425300E+23
3.13849500E+02 8.87005600E+23
3.39296400E+02 8.70420300E+23
3.65741300E+02 8.53267900E+23
3.93184000E+02 8.37655600E+23
4.21624700E+02 8.21770700E+23
4.51063300E+02 8.06112900E+23
4.81499800E+02 7.92051600E+23
5.12934300E+02 7.74586700E+23
5.45366600E+02 7.64043600E+23
5.78796900E+02 7.49156800E+23
6.13225100E+02 7.36366900E+23
6.48651200E+02 7.26644600E+23
6.85075200E+02 7.11236400E+23
7.22497100E+02 6.98375400E+23
7.60917000E+02 6.89121300E+23
8.00334800E+02 6.79122600E+23
8.40750500E+02 6.68809300E+23
8.82164100E+02 6.56561600E+23
9.24575600E+02 6.46684100E+23
9.67985100E+02 6.39577500E+23
1.01239200E+03 6.29256600E+23
1.05779800E+03 6.20752900E+23
1.10420100E+03 6.10959500E+23
1.15160200E+03 6.03203000E+23
1.20000100E+03 5.95360500E+23
-----------------------

Bulk mobility *N (1/m/V/s)
-----------------------
2.00000200E+00 4.79158900E+24
2.49896100E+00 4.25781700E+24
3.99583900E+00 3.19426800E+24
6.49063500E+00 2.42300400E+24
9.98335000E+00 1.99829500E+24
1.44739800E+01 1.75734500E+24
1.99625300E+01 1.61930400E+24
2.64490000E+01 1.52180800E+24
3.39333900E+01 1.44972900E+24
4.24157000E+01 1.37507600E+24
5.18959300E+01 1.32298600E+24
6.23740700E+01 1.26841000E+24
7.38501300E+01 1.22099900E+24
8.63241100E+01 1.18575200E+24
9.97960100E+01 1.15298600E+24
1.14265800E+02 1.12575400E+24
1.29733600E+02 1.10017200E+24
1.46199200E+02 1.07797100E+24
1.63662800E+02 1.05545900E+24
1.82124300E+02 1.04096600E+24
2.01583700E+02 1.02515300E+24
2.22041000E+02 1.01106600E+24
2.43496300E+02 1.00114400E+24
2.65949400E+02 9.89863100E+23
2.89400500E+02 9.82076900E+23
3.13849500E+02 9.69276400E+23
3.39296400E+02 9.61241400E+23
3.65741300E+02 9.53806500E+23
3.93184000E+02 9.49306100E+23
4.21624700E+02 9.44120100E+23
4.51063300E+02 9.38161300E+23
4.81499800E+02 9.32234500E+23
5.12934300E+02 9.22711400E+23
5.45366600E+02 9.20997500E+23
5.78796900E+02 9.10963400E+23
6.13225100E+02 9.08036300E+23
6.48651200E+02 9.05764400E+23
6.85075200E+02 8.96392100E+23
7.22497100E+02 8.88918500E+23
7.60917000E+02 8.84702500E+23
8.00334800E+02 8.81222900E+23
8.40750500E+02 8.75533100E+23
8.82164100E+02 8.66345100E+23
9.24575600E+02 8.61911800E+23
9.67985100E+02 8.57558200E+23
1.01239200E+03 8.49225500E+23
1.05779800E+03 8.45776900E+23
1.10420100E+03 8.37896800E+23
1.15160200E+03 8.30591800E+23
1.20000100E+03 8.26213800E+23
-----------------------

Townsend ioniz. coef. alpha/N (m2)
-----------------------
2.00000200E+00 0.00000000E+00
2.49896100E+00 0.00000000E+00
3.99583900E+00 0.00000000E+00
6.49063500E+00 0.00000000E+00
9.98335000E+00 0.00000000E+00
1.44739800E+01 0.00000000E+00
1.99625300E+01 0.00000000E+00
2.64490000E+01 0.00000000E+00
3.39333900E+01 0.00000000E+00
4.24157000E+01 8.56616800E-27
5.18959300E+01 7.20116700E-26
6.23740700E+01 5.26055600E-25
7.38501300E+01 2.46204000E-24
8.63241100E+01 6.74202400E-24
9.97960100E+01 1.77637400E-23
1.14265800E+02 4.13158600E-23
1.29733600E+02 8.01285700E-23
1.46199200E+02 1.43472300E-22
1.63662800E+02 2.32226800E-22
1.82124300E+02 3.55068100E-22
2.01583700E+02 5.19842300E-22
2.22041000E+02 7.34902100E-22
2.43496300E+02 9.88557600E-22
2.65949400E+02 1.29614800E-21
2.89400500E+02 1.64236400E-21
3.13849500E+02 2.05674500E-21
3.39296400E+02 2.51712800E-21
3.65741300E+02 3.00504700E-21
3.93184000E+02 3.56740400E-21
4.21624700E+02 4.17089300E-21
4.51063300E+02 4.86673000E-21
4.81499800E+02 5.53705200E-21
5.12934300E+02 6.24347000E-21
5.45366600E+02 7.01046600E-21
5.78796900E+02 7.80335600E-21
6.13225100E+02 8.60356800E-21
6.48651200E+02 9.40151100E-21
6.85075200E+02 1.03329600E-20
7.22497100E+02 1.11391500E-20
7.60917000E+02 1.20342600E-20
8.00334800E+02 1.29428700E-20
8.40750500E+02 1.39966600E-20
8.82164100E+02 1.48337300E-20
9.24575600E+02 1.58050300E-20
9.67985100E+02 1.66939000E-20
1.01239200E+03 1.76183700E-20
1.05779800E+03 1.85858200E-20
1.10420100E+03 1.95112600E-20
1.15160200E+03 2.05177900E-20
1.20000100E+03 2.14292900E-20
-----------------------

Townsend attach. coef. eta/N (m2)
-----------------------
2.00000200E+00 3.66919100E-41
2.49896100E+00 2.83607900E-41
3.99583900E+00 1.60553300E-41
6.49063500E+00 8.93969100E-42
9.98335000E+00 5.58454700E-42
1.44739800E+01 3.87643000E-42
1.99625300E+01 6.86195500E-27
2.64490000E+01 4.04308000E-26
3.39333900E+01 3.33389400E-25
4.24157000E+01 1.68476700E-24
5.18959300E+01 5.17682700E-24
6.23740700E+01 1.12009100E-23
7.38501300E+01 1.86842100E-23
8.63241100E+01 2.66990200E-23
9.97960100E+01 3.35119100E-23
1.14265800E+02 3.82420800E-23
1.29733600E+02 4.14888000E-23
1.46199200E+02 4.28930200E-23
1.63662800E+02 4.32519200E-23
1.82124300E+02 4.24925700E-23
2.01583700E+02 4.13639800E-23
2.22041000E+02 3.97940900E-23
2.43496300E+02 3.80707100E-23
2.65949400E+02 3.62467700E-23
2.89400500E+02 3.43663300E-23
3.13849500E+02 3.27875900E-23
3.39296400E+02 3.08880300E-23
3.65741300E+02 2.92885200E-23
3.93184000E+02 2.76928700E-23
4.21624700E+02 2.62421100E-23
4.51063300E+02 2.47609400E-23
4.81499800E+02 2.34477500E-23
5.12934300E+02 2.23264000E-23
5.45366600E+02 2.10757200E-23
5.78796900E+02 2.00648800E-23
6.13225100E+02 1.90789300E-23
6.48651200E+02 1.80287900E-23
6.85075200E+02 1.72335300E-23
7.22497100E+02 1.65006700E-23
7.60917000E+02 1.57076100E-23
8.00334800E+02 1.50011800E-23
8.40750500E+02 1.43289800E-23
8.82164100E+02 1.37745000E-23
9.24575600E+02 1.32102200E-23
9.67985100E+02 1.26308000E-23
1.01239200E+03 1.21728800E-23
1.05779800E+03 1.16999300E-23
1.10420100E+03 1.12941800E-23
1.15160200E+03 1.08699700E-23
1.20000100E+03 1.04952300E-23
-----------------------

Flux L diffusion coef. *N (1/m/s)
-----------------------
2.00000200E+00 6.95467700E+23
2.49896100E+00 7.19559000E+23
3.99583900E+00 7.15240900E+23
6.49063500E+00 7.47706500E+23
9.98335000E+00 7.40429700E+23
1.44739800E+01 6.98690300E+23
1.99625300E+01 7.07305400E+23
2.64490000E+01 6.91375800E+23
3.39333900E+01 6.89160400E+23
4.24157000E+01 7.05611800E+23
5.18959300E+01 7.69062200E+23
6.23740700E+01 9.21984800E+23
7.38501300E+01 1.13969500E+24
8.63241100E+01 1.39653600E+24
9.97960100E+01 1.66304000E+24
1.14265800E+02 1.94968900E+24
1.29733600E+02 2.17728600E+24
1.46199200E+02 2.38619800E+24
1.63662800E+02 2.55396200E+24
1.82124300E+02 2.70736000E+24
2.01583700E+02 2.85406800E+24
2.22041000E+02 2.97204600E+24
2.43496300E+02 3.09976500E+24
2.65949400E+02 3.20035000E+24
2.89400500E+02 3.27489000E+24
3.13849500E+02 3.34934700E+24
3.39296400E+02 3.45445000E+24
3.65741300E+02 3.52505500E+24
3.93184000E+02 3.58333100E+24
4.21624700E+02 3.67252000E+24
4.51063300E+02 3.78001500E+24
4.81499800E+02 3.92164000E+24
5.12934300E+02 3.93134800E+24
5.45366600E+02 4.02208900E+24
5.78796900E+02 4.13205600E+24
6.13225100E+02 4.14668900E+24
6.48651200E+02 4.22936300E+24
6.85075200E+02 4.32907700E+24
7.22497100E+02 4.39676400E+24
7.60917000E+02 4.51563200E+24
8.00334800E+02 4.55544000E+24
8.40750500E+02 4.70754200E+24
8.82164100E+02 4.75095700E+24
9.24575600E+02 4.83620100E+24
9.67985100E+02 4.99677800E+24
1.01239200E+03 5.07428900E+24
1.05779800E+03 5.16632400E+24
1.10420100E+03 5.27493400E+24
1.15160200E+03 5.40966400E+24
1.20000100E+03 5.48537700E+24
-----------------------

Bulk L diffusion coef. *N (1/m/s)
-----------------------
2.00000200E+00 6.98989000E+23
2.49896100E+00 7.20255200E+23
3.99583900E+00 7.26330300E+23
6.49063500E+00 7.51965500E+23
9.98335000E+00 7.45363600E+23
1.44739800E+01 6.97302900E+23
1.99625300E+01 7.03553900E+23
2.64490000E+01 6.92493500E+23
3.39333900E+01 6.92849700E+23
4.24157000E+01 7.04234300E+23
5.18959300E+01 7.69993400E+23
6.23740700E+01 9.20452300E+23
7.38501300E+01 1.13520700E+24
8.63241100E+01 1.39868800E+24
9.97960100E+01 1.66721200E+24
1.14265800E+02 1.97230300E+24
1.29733600E+02 2.22123900E+24
1.46199200E+02 2.45441000E+24
1.63662800E+02 2.65871300E+24
1.82124300E+02 2.85476400E+24
2.01583700E+02 3.04928100E+24
2.22041000E+02 3.22912900E+24
2.43496300E+02 3.41692300E+24
2.65949400E+02 3.59590100E+24
2.89400500E+02 3.75303000E+24
3.13849500E+02 3.93006500E+24
3.39296400E+02 4.08834000E+24
3.65741300E+02 4.21304200E+24
3.93184000E+02 4.41250600E+24
4.21624700E+02 4.58867500E+24
4.51063300E+02 4.78090900E+24
4.81499800E+02 5.02179700E+24
5.12934300E+02 5.13027800E+24
5.45366600E+02 5.29203400E+24
5.78796900E+02 5.46965700E+24
6.13225100E+02 5.62673100E+24
6.48651200E+02 5.84202200E+24
6.85075200E+02 6.02397400E+24
7.22497100E+02 6.18497600E+24
7.60917000E+02 6.45648300E+24
8.00334800E+02 6.61471200E+24
8.40750500E+02 6.93400500E+24
8.82164100E+02 7.03898200E+24
9.24575600E+02 7.25917400E+24
9.67985100E+02 7.50401200E+24
1.01239200E+03 7.74790900E+24
1.05779800E+03 7.97380200E+24
1.10420100E+03 8.23842000E+24
1.15160200E+03 8.39021200E+24
1.20000100E+03 8.57007200E+24
-----------------------

Diffusion coefficient *N (1/m/s)
-----------------------
2.00000200E+00 1.40642000E+24
2.49896100E+00 1.49079700E+24
3.99583900E+00 1.65668600E+24
6.49063500E+00 1.79129000E+24
9.98335000E+00 1.84842100E+24
1.44739800E+01 1.85473800E+24
1.99625300E+01 1.83744500E+24
2.64490000E+01 1.82637300E+24
3.39333900E+01 1.80825900E+24
4.24157000E+01 1.78958200E+24
5.18959300E+01 1.78474800E+24
6.23740700E+01 1.86321000E+24
7.38501300E+01 1.98054700E+24
8.63241100E+01 2.17616600E+24
9.97960100E+01 2.38789900E+24
1.14265800E+02 2.64015100E+24
1.29733600E+02 2.86277200E+24
1.46199200E+02 3.08028700E+24
1.63662800E+02 3.28786100E+24
1.82124300E+02 3.46456500E+24
2.01583700E+02 3.64537600E+24
2.22041000E+02 3.77882500E+24
2.43496300E+02 3.93452000E+24
2.65949400E+02 4.06462500E+24
2.89400500E+02 4.16498500E+24
3.13849500E+02 4.29657200E+24
3.39296400E+02 4.38588700E+24
3.65741300E+02 4.49237500E+24
3.93184000E+02 4.64343100E+24
4.21624700E+02 4.68213600E+24
4.51063300E+02 4.80786800E+24
4.81499800E+02 4.91198800E+24
5.12934300E+02 4.98357800E+24
5.45366600E+02 5.06783300E+24
5.78796900E+02 5.19967000E+24
6.13225100E+02 5.25415300E+24
6.48651200E+02 5.39976000E+24
6.85075200E+02 5.47224000E+24
7.22497100E+02 5.55992000E+24
7.60917000E+02 5.65078900E+24
8.00334800E+02 5.76208900E+24
8.40750500E+02 5.87354500E+24
8.82164100E+02 5.94981300E+24
9.24575600E+02 6.06910800E+24
9.67985100E+02 6.15421900E+24
1.01239200E+03 6.23852300E+24
1.05779800E+03 6.34035900E+24
1.10420100E+03 6.43232700E+24
1.15160200E+03 6.54791200E+24
1.20000100E+03 6.65897200E+24
-----------------------

Bulk diffusion coef. *N (1/m/s)
-----------------------
2.00000200E+00 1.40361300E+24
2.49896100E+00 1.48758600E+24
3.99583900E+00 1.65760800E+24
6.49063500E+00 1.78856100E+24
9.98335000E+00 1.83966000E+24
1.44739800E+01 1.86002600E+24
1.99625300E+01 1.83118000E+24
2.64490000E+01 1.82597600E+24
3.39333900E+01 1.80770000E+24
4.24157000E+01 1.78465900E+24
5.18959300E+01 1.78321900E+24
6.23740700E+01 1.86181900E+24
7.38501300E+01 1.97672200E+24
8.63241100E+01 2.17210200E+24
9.97960100E+01 2.38545300E+24
1.14265800E+02 2.63942900E+24
1.29733600E+02 2.86741500E+24
1.46199200E+02 3.09050200E+24
1.63662800E+02 3.30239800E+24
1.82124300E+02 3.48530700E+24
2.01583700E+02 3.68600400E+24
2.22041000E+02 3.82537000E+24
2.43496300E+02 3.99764000E+24
2.65949400E+02 4.15112000E+24
2.89400500E+02 4.27097300E+24
3.13849500E+02 4.41649700E+24
3.39296400E+02 4.54487100E+24
3.65741300E+02 4.67878800E+24
3.93184000E+02 4.86636300E+24
4.21624700E+02 4.95813600E+24
4.51063300E+02 5.08014200E+24
4.81499800E+02 5.23335100E+24
5.12934300E+02 5.36684700E+24
5.45366600E+02 5.50503400E+24
5.78796900E+02 5.63125200E+24
6.13225100E+02 5.76512000E+24
6.48651200E+02 5.95253500E+24
6.85075200E+02 6.11577700E+24
7.22497100E+02 6.20405900E+24
7.60917000E+02 6.36079300E+24
8.00334800E+02 6.52846300E+24
8.40750500E+02 6.71208100E+24
8.82164100E+02 6.85886400E+24
9.24575600E+02 7.03480700E+24
9.67985100E+02 7.17506800E+24
1.01239200E+03 7.32733100E+24
1.05779800E+03 7.50279300E+24
1.10420100E+03 7.65347600E+24
1.15160200E+03 7.78517700E+24
1.20000100E+03 7.97149300E+24
-----------------------

Total ionization freq. (1/s)
-----------------------
2.00000200E+00 0.00000000E+00
2.49896100E+00 0.00000000E+00
3.99583900E+00 0.00000000E+00
6.49063500E+00 0.00000000E+00
9.98335000E+00 0.00000000E+00
1.44739800E+01 0.00000000E+00
1.99625300E+01 0.00000000E+00
2.64490000E+01 0.00000000E+00
3.39333900E+01 0.00000000E+00
4.24157000E+01 1.23373200E+04
5.18959300E+01 1.20572000E+05
6.23740700E+01 1.01245700E+06
7.38501300E+01 5.38241500E+06
8.63241100E+01 1.67302400E+07
9.97960100E+01 4.93966800E+07
1.14265800E+02 1.28264400E+08
1.29733600E+02 2.74886000E+08
1.46199200E+02 5.41060500E+08
1.63662800E+02 9.54265000E+08
1.82124300E+02 1.59024600E+09
2.01583700E+02 2.51655900E+09
2.22041000E+02 3.82952000E+09
2.43496300E+02 5.53777500E+09
2.65949400E+02 7.74428600E+09
2.89400500E+02 1.04709600E+10
3.13849500E+02 1.38357500E+10
3.39296400E+02 1.79602000E+10
3.65741300E+02 2.26637400E+10
3.93184000E+02 2.83932200E+10
4.21624700E+02 3.49121700E+10
4.51063300E+02 4.27718200E+10
4.81499800E+02 5.10196400E+10
5.12934300E+02 5.99372700E+10
5.45366600E+02 7.05750300E+10
5.78796900E+02 8.17456700E+10
6.13225100E+02 9.38575400E+10
6.48651200E+02 1.07058600E+11
6.85075200E+02 1.21640800E+11
7.22497100E+02 1.35805100E+11
7.60917000E+02 1.52419200E+11
8.00334800E+02 1.69950900E+11
8.40750500E+02 1.90125600E+11
8.82164100E+02 2.07536700E+11
9.24575600E+02 2.28259800E+11
9.67985100E+02 2.49675300E+11
1.01239200E+03 2.71136900E+11
1.05779800E+03 2.94769500E+11
1.10420100E+03 3.17950100E+11
1.15160200E+03 3.44237500E+11
1.20000100E+03 3.69782300E+11
-----------------------

Total attachment freq. (1/s)
-----------------------
2.00000200E+00 8.49910300E-12
2.49896100E+00 7.27594300E-12
3.99583900E+00 4.93861600E-12
6.49063500E+00 3.39553000E-12
9.98335000E+00 2.68772200E-12
1.44739800E+01 2.38290300E-12
1.99625300E+01 5.91061700E+03
2.64490000E+01 3.99304900E+04
3.39333900E+01 3.96653600E+05
4.24157000E+01 2.37327100E+06
5.18959300E+01 8.60453800E+06
6.23740700E+01 2.14407500E+07
7.38501300E+01 4.07526800E+07
8.63241100E+01 6.60570900E+07
9.97960100E+01 9.30997800E+07
1.14265800E+02 1.18539300E+08
1.29733600E+02 1.42125100E+08
1.46199200E+02 1.61524200E+08
1.63662800E+02 1.77519400E+08
1.82124300E+02 1.90102100E+08
2.01583700E+02 2.00035000E+08
2.22041000E+02 2.07113300E+08
2.43496300E+02 2.13029000E+08
2.65949400E+02 2.16336600E+08
2.89400500E+02 2.18875700E+08
3.13849500E+02 2.20376200E+08
3.39296400E+02 2.20267900E+08
3.65741300E+02 2.20712000E+08
3.93184000E+02 2.20223200E+08
4.21624700E+02 2.19531800E+08
4.51063300E+02 2.17405700E+08
4.81499800E+02 2.15916600E+08
5.12934300E+02 2.14190500E+08
5.45366600E+02 2.12056600E+08
5.78796900E+02 2.10034600E+08
6.13225100E+02 2.07981700E+08
6.48651200E+02 2.05151900E+08
6.85075200E+02 2.02770900E+08
7.22497100E+02 2.01007100E+08
7.60917000E+02 1.98835900E+08
8.00334800E+02 1.96870400E+08
8.40750500E+02 1.94538900E+08
8.82164100E+02 1.92598100E+08
9.24575600E+02 1.90667300E+08
9.67985100E+02 1.88777300E+08
1.01239200E+03 1.87227600E+08
1.05779800E+03 1.85447400E+08
1.10420100E+03 1.83950900E+08
1.15160200E+03 1.82277700E+08
1.20000100E+03 1.81015700E+08
-----------------------

C1 N2 Elastic (1/s)
-----------------------
2.00000200E+00 3.00375500E-14
2.49896100E+00 3.40884000E-14
3.99583900E+00 4.43191000E-14
6.49063500E+00 5.38045800E-14
9.98335000E+00 5.98324600E-14
1.44739800E+01 6.35127800E-14
1.99625300E+01 6.62196700E-14
2.64490000E+01 6.84303700E-14
3.39333900E+01 7.08143900E-14
4.24157000E+01 7.36360800E-14
5.18959300E+01 7.79288900E-14
6.23740700E+01 8.40531300E-14
7.38501300E+01 9.14852400E-14
8.63241100E+01 1.00161800E-13
9.97960100E+01 1.08774700E-13
1.14265800E+02 1.16726500E-13
1.29733600E+02 1.23933400E-13
1.46199200E+02 1.30165800E-13
1.63662800E+02 1.35558700E-13
1.82124300E+02 1.40261500E-13
2.01583700E+02 1.44434900E-13
2.22041000E+02 1.48070400E-13
2.43496300E+02 1.51371100E-13
2.65949400E+02 1.54263100E-13
2.89400500E+02 1.56973900E-13
3.13849500E+02 1.59476000E-13
3.39296400E+02 1.61808800E-13
3.65741300E+02 1.63972400E-13
3.93184000E+02 1.66008800E-13
4.21624700E+02 1.67852800E-13
4.51063300E+02 1.69722100E-13
4.81499800E+02 1.71279500E-13
5.12934300E+02 1.72902600E-13
5.45366600E+02 1.74335100E-13
5.78796900E+02 1.75736400E-13
6.13225100E+02 1.76995600E-13
6.48651200E+02 1.78310600E-13
6.85075200E+02 1.79373000E-13
7.22497100E+02 1.80377400E-13
7.60917000E+02 1.81300500E-13
8.00334800E+02 1.82265900E-13
8.40750500E+02 1.83034200E-13
8.82164100E+02 1.83794900E-13
9.24575600E+02 1.84550800E-13
9.67985100E+02 1.85152800E-13
1.01239200E+03 1.85699700E-13
1.05779800E+03 1.86155900E-13
1.10420100E+03 1.86559900E-13
1.15160200E+03 1.86970600E-13
1.20000100E+03 1.87284300E-13
-----------------------

C2 N2 Excitation 0.02 eV (1/s)
-----------------------
2.00000200E+00 8.79047200E-17
2.49896100E+00 1.03569300E-16
3.99583900E+00 1.62339500E-16
6.49063500E+00 2.61190100E-16
9.98335000E+00 3.90219800E-16
1.44739800E+01 5.51447900E-16
1.99625300E+01 7.58131500E-16
2.64490000E+01 1.01367500E-15
3.39333900E+01 1.33288700E-15
4.24157000E+01 1.69582300E-15
5.18959300E+01 2.10751900E-15
6.23740700E+01 2.50414200E-15
7.38501300E+01 2.83457800E-15
8.63241100E+01 3.07601400E-15
9.97960100E+01 3.20401600E-15
1.14265800E+02 3.23199900E-15
1.29733600E+02 3.19242300E-15
1.46199200E+02 3.10897700E-15
1.63662800E+02 2.99722800E-15
1.82124300E+02 2.87530400E-15
2.01583700E+02 2.74325500E-15
2.22041000E+02 2.60889300E-15
2.43496300E+02 2.48152000E-15
2.65949400E+02 2.36162800E-15
2.89400500E+02 2.24622100E-15
3.13849500E+02 2.13084300E-15
3.39296400E+02 2.03352800E-15
3.65741300E+02 1.92662300E-15
3.93184000E+02 1.82547800E-15
4.21624700E+02 1.73844500E-15
4.51063300E+02 1.64952900E-15
4.81499800E+02 1.57828200E-15
5.12934300E+02 1.49768300E-15
5.45366600E+02 1.42184500E-15
5.78796900E+02 1.35569100E-15
6.13225100E+02 1.29106300E-15
6.48651200E+02 1.23076800E-15
6.85075200E+02 1.17845800E-15
7.22497100E+02 1.12335600E-15
7.60917000E+02 1.07292000E-15
8.00334800E+02 1.02139600E-15
8.40750500E+02 9.77356300E-16
8.82164100E+02 9.33936500E-16
9.24575600E+02 8.91491700E-16
9.67985100E+02 8.48864200E-16
1.01239200E+03 8.10426500E-16
1.05779800E+03 7.77876600E-16
1.10420100E+03 7.45416100E-16
1.15160200E+03 7.16859100E-16
1.20000100E+03 6.83481700E-16
-----------------------

C3 N2 Excitation 0.29 eV (1/s)
-----------------------
2.00000200E+00 9.21807700E-18
2.49896100E+00 1.77251300E-17
3.99583900E+00 5.82929900E-17
6.49063500E+00 1.13218200E-16
9.98335000E+00 1.46049100E-16
1.44739800E+01 1.59433000E-16
1.99625300E+01 1.63959000E-16
2.64490000E+01 1.64112000E-16
3.39333900E+01 1.63089800E-16
4.24157000E+01 1.61210200E-16
5.18959300E+01 1.63103100E-16
6.23740700E+01 1.71976200E-16
7.38501300E+01 1.86739800E-16
8.63241100E+01 2.09077100E-16
9.97960100E+01 2.35010900E-16
1.14265800E+02 2.62343300E-16
1.29733600E+02 2.90117700E-16
1.46199200E+02 3.16698800E-16
1.63662800E+02 3.42114500E-16
1.82124300E+02 3.66456000E-16
2.01583700E+02 3.90397400E-16
2.22041000E+02 4.13724300E-16
2.43496300E+02 4.36813000E-16
2.65949400E+02 4.59084200E-16
2.89400500E+02 4.81594300E-16
3.13849500E+02 5.04035700E-16
3.39296400E+02 5.26263600E-16
3.65741300E+02 5.48488700E-16
3.93184000E+02 5.70735300E-16
4.21624700E+02 5.91757900E-16
4.51063300E+02 6.13389500E-16
4.81499800E+02 6.33127900E-16
5.12934300E+02 6.52845500E-16
5.45366600E+02 6.71273100E-16
5.78796900E+02 6.89361400E-16
6.13225100E+02 7.05531600E-16
6.48651200E+02 7.21826100E-16
6.85075200E+02 7.36155200E-16
7.22497100E+02 7.50032400E-16
7.60917000E+02 7.60992100E-16
8.00334800E+02 7.73406200E-16
8.40750500E+02 7.83277000E-16
8.82164100E+02 7.92241800E-16
9.24575600E+02 8.01212700E-16
9.67985100E+02 8.08287800E-16
1.01239200E+03 8.14915400E-16
1.05779800E+03 8.19384700E-16
1.10420100E+03 8.23859400E-16
1.15160200E+03 8.27059600E-16
1.20000100E+03 8.29691800E-16
-----------------------

C4 N2 Excitation 1.60 eV (1/s)
-----------------------
2.00000200E+00 1.93656700E-19
2.49896100E+00 1.38368900E-18
3.99583900E+00 2.27797600E-17
6.49063500E+00 1.25962800E-16
9.98335000E+00 3.31493000E-16
1.44739800E+01 6.17093800E-16
1.99625300E+01 9.71567600E-16
2.64490000E+01 1.37585800E-15
3.39333900E+01 1.84588100E-15
4.24157000E+01 2.33869200E-15
5.18959300E+01 2.86806100E-15
6.23740700E+01 3.34325400E-15
7.38501300E+01 3.71596500E-15
8.63241100E+01 3.96153300E-15
9.97960100E+01 4.06204900E-15
1.14265800E+02 4.04781100E-15
1.29733600E+02 3.95590800E-15
1.46199200E+02 3.81905300E-15
1.63662800E+02 3.65364600E-15
1.82124300E+02 3.48383500E-15
2.01583700E+02 3.30907500E-15
2.22041000E+02 3.13508500E-15
2.43496300E+02 2.96978800E-15
2.65949400E+02 2.81490800E-15
2.89400500E+02 2.67203500E-15
3.13849500E+02 2.53002000E-15
3.39296400E+02 2.40958800E-15
3.65741300E+02 2.27887700E-15
3.93184000E+02 2.15540200E-15
4.21624700E+02 2.04971600E-15
4.51063300E+02 1.94411200E-15
4.81499800E+02 1.85545100E-15
5.12934300E+02 1.75861100E-15
5.45366600E+02 1.67163600E-15
5.78796900E+02 1.59162600E-15
6.13225100E+02 1.51534300E-15
6.48651200E+02 1.44285100E-15
6.85075200E+02 1.37987900E-15
7.22497100E+02 1.31388500E-15
7.60917000E+02 1.25404600E-15
8.00334800E+02 1.19428600E-15
8.40750500E+02 1.14291400E-15
8.82164100E+02 1.09089900E-15
9.24575600E+02 1.04200400E-15
9.67985100E+02 9.91153600E-16
1.01239200E+03 9.45986800E-16
1.05779800E+03 9.09752800E-16
1.10420100E+03 8.69385200E-16
1.15160200E+03 8.35305000E-16
1.20000100E+03 7.97191500E-16
-----------------------

C5 N2 Excitation 1.70 eV (1/s)
-----------------------
2.00000200E+00 2.24064800E-21
2.49896100E+00 3.49094600E-20
3.99583900E+00 1.52098300E-18
6.49063500E+00 1.77751100E-17
9.98335000E+00 7.39129700E-17
1.44739800E+01 1.85629900E-16
1.99625300E+01 3.58414800E-16
2.64490000E+01 5.83711500E-16
3.39333900E+01 8.60966300E-16
4.24157000E+01 1.16830200E-15
5.18959300E+01 1.50623000E-15
6.23740700E+01 1.81777700E-15
7.38501300E+01 2.07068800E-15
8.63241100E+01 2.24846000E-15
9.97960100E+01 2.33423800E-15
1.14265800E+02 2.34520200E-15
1.29733600E+02 2.30597700E-15
1.46199200E+02 2.23574100E-15
1.63662800E+02 2.14771500E-15
1.82124300E+02 2.05228300E-15
2.01583700E+02 1.95221000E-15
2.22041000E+02 1.85030600E-15
2.43496300E+02 1.75571400E-15
2.65949400E+02 1.66705900E-15
2.89400500E+02 1.58192800E-15
3.13849500E+02 1.49831700E-15
3.39296400E+02 1.42745100E-15
3.65741300E+02 1.35019400E-15
3.93184000E+02 1.27799300E-15
4.21624700E+02 1.21526200E-15
4.51063300E+02 1.15042600E-15
4.81499800E+02 1.10090300E-15
5.12934300E+02 1.04305300E-15
5.45366600E+02 9.88844800E-16
5.78796900E+02 9.45062500E-16
6.13225100E+02 8.98756400E-16
6.48651200E+02 8.56004900E-16
6.85075200E+02 8.17301100E-16
7.22497100E+02 7.79883900E-16
7.60917000E+02 7.42515400E-16
8.00334800E+02 7.08238900E-16
8.40750500E+02 6.76932300E-16
8.82164100E+02 6.46146800E-16
9.24575600E+02 6.16791100E-16
9.67985100E+02 5.86196300E-16
1.01239200E+03 5.59470100E-16
1.05779800E+03 5.36866800E-16
1.10420100E+03 5.14940500E-16
1.15160200E+03 4.96053700E-16
1.20000100E+03 4.71691400E-16
-----------------------

C6 N2 Excitation 1.90 eV (1/s)
-----------------------
2.00000200E+00 5.09269700E-23
2.49896100E+00 2.84537000E-22
3.99583900E+00 8.30172800E-20
6.49063500E+00 2.52053900E-18
9.98335000E+00 1.85718100E-17
1.44739800E+01 6.63856300E-17
1.99625300E+01 1.62257000E-16
2.64490000E+01 3.09520900E-16
3.39333900E+01 5.03091200E-16
4.24157000E+01 7.28202200E-16
5.18959300E+01 9.76197500E-16
6.23740700E+01 1.20609200E-15
7.38501300E+01 1.39184900E-15
8.63241100E+01 1.52185500E-15
9.97960100E+01 1.58328300E-15
1.14265800E+02 1.59174900E-15
1.29733600E+02 1.56487500E-15
1.46199200E+02 1.51590200E-15
1.63662800E+02 1.45317900E-15
1.82124300E+02 1.38811800E-15
2.01583700E+02 1.31662400E-15
2.22041000E+02 1.24702600E-15
2.43496300E+02 1.18291000E-15
2.65949400E+02 1.12267500E-15
2.89400500E+02 1.06362600E-15
3.13849500E+02 1.00732300E-15
3.39296400E+02 9.59065000E-16
3.65741300E+02 9.05698600E-16
3.93184000E+02 8.56036300E-16
4.21624700E+02 8.13834800E-16
4.51063300E+02 7.70960800E-16
4.81499800E+02 7.37543100E-16
5.12934300E+02 6.97377100E-16
5.45366600E+02 6.61114400E-16
5.78796900E+02 6.30872400E-16
6.13225100E+02 5.98851900E-16
6.48651200E+02 5.71539500E-16
6.85075200E+02 5.45681700E-16
7.22497100E+02 5.20454600E-16
7.60917000E+02 4.96316500E-16
8.00334800E+02 4.72515300E-16
8.40750500E+02 4.51612800E-16
8.82164100E+02 4.30550400E-16
9.24575600E+02 4.11613300E-16
9.67985100E+02 3.91142800E-16
1.01239200E+03 3.73980400E-16
1.05779800E+03 3.58305800E-16
1.10420100E+03 3.42637900E-16
1.15160200E+03 3.30668500E-16
1.20000100E+03 3.14343700E-16
-----------------------

C7 N2 Excitation 2.00 eV (1/s)
-----------------------
2.00000200E+00 0.00000000E+00
2.49896100E+00 0.00000000E+00
3.99583900E+00 1.94200600E-22
6.49063500E+00 3.63460800E-20
9.98335000E+00 1.01142900E-18
1.44739800E+01 7.98861000E-18
1.99625300E+01 3.29126100E-17
2.64490000E+01 8.83177200E-17
3.39333900E+01 1.81108400E-16
4.24157000E+01 3.08456900E-16
5.18959300E+01 4.65173600E-16
6.23740700E+01 6.27713000E-16
7.38501300E+01 7.70059800E-16
8.63241100E+01 8.80964100E-16
9.97960100E+01 9.50827600E-16
1.14265800E+02 9.80539200E-16
1.29733600E+02 9.84363600E-16
1.46199200E+02 9.68226200E-16
1.63662800E+02 9.40256600E-16
1.82124300E+02 9.06716400E-16
2.01583700E+02 8.67325500E-16
2.22041000E+02 8.26633300E-16
2.43496300E+02 7.88330300E-16
2.65949400E+02 7.50248200E-16
2.89400500E+02 7.15478800E-16
3.13849500E+02 6.77236500E-16
3.39296400E+02 6.48721000E-16
3.65741300E+02 6.15467700E-16
3.93184000E+02 5.80587100E-16
4.21624700E+02 5.52586900E-16
4.51063300E+02 5.26494200E-16
4.81499800E+02 5.03796700E-16
5.12934300E+02 4.78776400E-16
5.45366600E+02 4.52925700E-16
5.78796900E+02 4.32480400E-16
6.13225100E+02 4.10997500E-16
6.48651200E+02 3.91768500E-16
6.85075200E+02 3.75951700E-16
7.22497100E+02 3.56048200E-16
7.60917000E+02 3.41075800E-16
8.00334800E+02 3.25244500E-16
8.40750500E+02 3.11138600E-16
8.82164100E+02 2.97468600E-16
9.24575600E+02 2.84382000E-16
9.67985100E+02 2.69830300E-16
1.01239200E+03 2.56990100E-16
1.05779800E+03 2.47403900E-16
1.10420100E+03 2.36141800E-16
1.15160200E+03 2.27924400E-16
1.20000100E+03 2.17772100E-16
-----------------------

C8 N2 Excitation 2.10 eV (1/s)
-----------------------
2.00000200E+00 0.00000000E+00
2.49896100E+00 0.00000000E+00
3.99583900E+00 0.00000000E+00
6.49063500E+00 5.76923300E-21
9.98335000E+00 3.17659300E-19
1.44739800E+01 3.31820700E-18
1.99625300E+01 1.61545900E-17
2.64490000E+01 4.83872500E-17
3.39333900E+01 1.08646100E-16
4.24157000E+01 1.97651200E-16
5.18959300E+01 3.15246500E-16
6.23740700E+01 4.43921800E-16
7.38501300E+01 5.62520600E-16
8.63241100E+01 6.61350300E-16
9.97960100E+01 7.30650900E-16
1.14265800E+02 7.65863800E-16
1.29733600E+02 7.78988400E-16
1.46199200E+02 7.74960900E-16
1.63662800E+02 7.59593300E-16
1.82124300E+02 7.37676300E-16
2.01583700E+02 7.10474900E-16
2.22041000E+02 6.80624700E-16
2.43496300E+02 6.51753300E-16
2.65949400E+02 6.22931300E-16
2.89400500E+02 5.95107900E-16
3.13849500E+02 5.65702000E-16
3.39296400E+02 5.42926600E-16
3.65741300E+02 5.14743200E-16
3.93184000E+02 4.87693600E-16
4.21624700E+02 4.65358400E-16
4.51063300E+02 4.43142000E-16
4.81499800E+02 4.23883200E-16
5.12934300E+02 4.04339100E-16
5.45366600E+02 3.82686300E-16
5.78796900E+02 3.64945100E-16
6.13225100E+02 3.48115600E-16
6.48651200E+02 3.31518000E-16
6.85075200E+02 3.18606400E-16
7.22497100E+02 3.02272900E-16
7.60917000E+02 2.89590500E-16
8.00334800E+02 2.75154200E-16
8.40750500E+02 2.64403700E-16
8.82164100E+02 2.52716000E-16
9.24575600E+02 2.40778700E-16
9.67985100E+02 2.29602600E-16
1.01239200E+03 2.18277500E-16
1.05779800E+03 2.10188200E-16
1.10420100E+03 2.01517000E-16
1.15160200E+03 1.94096900E-16
1.20000100E+03 1.85423800E-16
-----------------------

C9 N2 Excitation 2.20 eV (1/s)
-----------------------
2.00000200E+00 0.00000000E+00
2.49896100E+00 0.00000000E+00
3.99583900E+00 0.00000000E+00
6.49063500E+00 1.25470300E-24
9.98335000E+00 6.53489000E-21
1.44739800E+01 2.50986900E-19
1.99625300E+01 2.68007800E-18
2.64490000E+01 1.29402800E-17
3.39333900E+01 4.07950000E-17
4.24157000E+01 9.26415600E-17
5.18959300E+01 1.72293500E-16
6.23740700E+01 2.70644400E-16
7.38501300E+01 3.70090600E-16
8.63241100E+01 4.60884200E-16
9.97960100E+01 5.31466000E-16
1.14265800E+02 5.74740500E-16
1.29733600E+02 5.98691300E-16
1.46199200E+02 6.07158700E-16
1.63662800E+02 6.04507100E-16
1.82124300E+02 5.93684000E-16
2.01583700E+02 5.77324600E-16
2.22041000E+02 5.57311500E-16
2.43496300E+02 5.36971700E-16
2.65949400E+02 5.16154600E-16
2.89400500E+02 4.95020200E-16
3.13849500E+02 4.73113700E-16
3.39296400E+02 4.54152300E-16
3.65741300E+02 4.31778900E-16
3.93184000E+02 4.11879500E-16
4.21624700E+02 3.94979200E-16
4.51063300E+02 3.74167700E-16
4.81499800E+02 3.59399800E-16
5.12934300E+02 3.44009000E-16
5.45366600E+02 3.25761000E-16
5.78796900E+02 3.10336000E-16
6.13225100E+02 2.95988100E-16
6.48651200E+02 2.82522600E-16
6.85075200E+02 2.72190700E-16
7.22497100E+02 2.60033500E-16
7.60917000E+02 2.47067200E-16
8.00334800E+02 2.35032900E-16
8.40750500E+02 2.26006000E-16
8.82164100E+02 2.15790500E-16
9.24575600E+02 2.05993200E-16
9.67985100E+02 1.96809800E-16
1.01239200E+03 1.87599000E-16
1.05779800E+03 1.79720100E-16
1.10420100E+03 1.73187600E-16
1.15160200E+03 1.66245100E-16
1.20000100E+03 1.58669500E-16
-----------------------

C10 N2 Excitation 11.03 eV (1/s)
-----------------------
2.00000200E+00 0.00000000E+00
2.49896100E+00 0.00000000E+00
3.99583900E+00 0.00000000E+00
6.49063500E+00 0.00000000E+00
9.98335000E+00 0.00000000E+00
1.44739800E+01 0.00000000E+00
1.99625300E+01 0.00000000E+00
2.64490000E+01 0.00000000E+00
3.39333900E+01 0.00000000E+00
4.24157000E+01 4.34572000E-20
5.18959300E+01 3.46853500E-19
6.23740700E+01 1.97047100E-18
7.38501300E+01 7.92578000E-18
8.63241100E+01 2.15985400E-17
9.97960100E+01 4.81691800E-17
1.14265800E+02 9.23235800E-17
1.29733600E+02 1.55449700E-16
1.46199200E+02 2.38554100E-16
1.63662800E+02 3.38530900E-16
1.82124300E+02 4.57261100E-16
2.01583700E+02 5.89773000E-16
2.22041000E+02 7.36738100E-16
2.43496300E+02 8.87108900E-16
2.65949400E+02 1.04235800E-15
2.89400500E+02 1.20097700E-15
3.13849500E+02 1.36551800E-15
3.39296400E+02 1.52647700E-15
3.65741300E+02 1.68139800E-15
3.93184000E+02 1.84505500E-15
4.21624700E+02 1.98238300E-15
4.51063300E+02 2.13917700E-15
4.81499800E+02 2.26953800E-15
5.12934300E+02 2.39985100E-15
5.45366600E+02 2.52161600E-15
5.78796900E+02 2.64236500E-15
6.13225100E+02 2.74468700E-15
6.48651200E+02 2.85717900E-15
6.85075200E+02 2.94610500E-15
7.22497100E+02 3.03231100E-15
7.60917000E+02 3.10428300E-15
8.00334800E+02 3.17840000E-15
8.40750500E+02 3.24061600E-15
8.82164100E+02 3.29920200E-15
9.24575600E+02 3.35515100E-15
9.67985100E+02 3.40174600E-15
1.01239200E+03 3.43887200E-15
1.05779800E+03 3.46935900E-15
1.10420100E+03 3.49545900E-15
1.15160200E+03 3.52315100E-15
1.20000100E+03 3.54074800E-15
-----------------------

C11 N2 Excitation 11.87 eV (1/s)
-----------------------
2.00000200E+00 0.00000000E+00
2.49896100E+00 0.00000000E+00
3.99583900E+00 0.00000000E+00
6.49063500E+00 0.00000000E+00
9.98335000E+00 0.00000000E+00
1.44739800E+01 0.00000000E+00
1.99625300E+01 0.00000000E+00
2.64490000E+01 0.00000000E+00
3.39333900E+01 0.00000000E+00
4.24157000E+01 2.92444400E-21
5.18959300E+01 2.49864000E-20
6.23740700E+01 1.12506700E-19
7.38501300E+01 3.84015600E-19
8.63241100E+01 9.24873100E-19
9.97960100E+01 1.74728900E-18
1.14265800E+02 2.97147700E-18
1.29733600E+02 4.49484800E-18
1.46199200E+02 6.27665100E-18
1.63662800E+02 8.22809900E-18
1.82124300E+02 1.04018100E-17
2.01583700E+02 1.27059700E-17
2.22041000E+02 1.51351300E-17
2.43496300E+02 1.75192400E-17
2.65949400E+02 2.00397100E-17
2.89400500E+02 2.25815900E-17
3.13849500E+02 2.51558000E-17
3.39296400E+02 2.77749200E-17
3.65741300E+02 3.02372900E-17
3.93184000E+02 3.29060300E-17
4.21624700E+02 3.51329300E-17
4.51063300E+02 3.79433100E-17
4.81499800E+02 4.00636600E-17
5.12934300E+02 4.23468700E-17
5.45366600E+02 4.46677100E-17
5.78796900E+02 4.67066200E-17
6.13225100E+02 4.88753900E-17
6.48651200E+02 5.09204000E-17
6.85075200E+02 5.26236500E-17
7.22497100E+02 5.43281800E-17
7.60917000E+02 5.58799600E-17
8.00334800E+02 5.73873600E-17
8.40750500E+02 5.88039400E-17
8.82164100E+02 6.01624600E-17
9.24575600E+02 6.13159400E-17
9.67985100E+02 6.23471800E-17
1.01239200E+03 6.33601600E-17
1.05779800E+03 6.41132100E-17
1.10420100E+03 6.48339700E-17
1.15160200E+03 6.56075400E-17
1.20000100E+03 6.60570800E-17
-----------------------

C12 N2 Excitation 12.25 eV (1/s)
-----------------------
2.00000200E+00 0.00000000E+00
2.49896100E+00 0.00000000E+00
3.99583900E+00 0.00000000E+00
6.49063500E+00 0.00000000E+00
9.98335000E+00 0.00000000E+00
1.44739800E+01 0.00000000E+00
1.99625300E+01 0.00000000E+00
2.64490000E+01 0.00000000E+00
3.39333900E+01 0.00000000E+00
4.24157000E+01 5.13067800E-22
5.18959300E+01 4.97678500E-21
6.23740700E+01 3.49783500E-20
7.38501300E+01 1.60190100E-19
8.63241100E+01 4.74893600E-19
9.97960100E+01 1.20155600E-18
1.14265800E+02 2.59027400E-18
1.29733600E+02 4.78806000E-18
1.46199200E+02 8.06527400E-18
1.63662800E+02 1.24064700E-17
1.82124300E+02 1.80951300E-17
2.01583700E+02 2.50387700E-17
2.22041000E+02 3.34894000E-17
2.43496300E+02 4.28255800E-17
2.65949400E+02 5.32448000E-17
2.89400500E+02 6.45682600E-17
3.13849500E+02 7.66599600E-17
3.39296400E+02 8.96415400E-17
3.65741300E+02 1.02667200E-16
3.93184000E+02 1.16570300E-16
4.21624700E+02 1.30096500E-16
4.51063300E+02 1.44735800E-16
4.81499800E+02 1.58290200E-16
5.12934300E+02 1.71815700E-16
5.45366600E+02 1.85308200E-16
5.78796900E+02 1.98988700E-16
6.13225100E+02 2.11377000E-16
6.48651200E+02 2.24507900E-16
6.85075200E+02 2.36721800E-16
7.22497100E+02 2.48303700E-16
7.60917000E+02 2.58801500E-16
8.00334800E+02 2.70067800E-16
8.40750500E+02 2.80415300E-16
8.82164100E+02 2.89831700E-16
9.24575600E+02 2.99613500E-16
9.67985100E+02 3.08293800E-16
1.01239200E+03 3.16598600E-16
1.05779800E+03 3.24096700E-16
1.10420100E+03 3.31450100E-16
1.15160200E+03 3.38805800E-16
1.20000100E+03 3.45080200E-16
-----------------------

C13 N2 Excitation 13.00 eV (1/s)
-----------------------
2.00000200E+00 0.00000000E+00
2.49896100E+00 0.00000000E+00
3.99583900E+00 0.00000000E+00
6.49063500E+00 0.00000000E+00
9.98335000E+00 0.00000000E+00
1.44739800E+01 0.00000000E+00
1.99625300E+01 0.00000000E+00
2.64490000E+01 0.00000000E+00
3.39333900E+01 0.00000000E+00
4.24157000E+01 1.19567000E-21
5.18959300E+01 2.48574300E-20
6.23740700E+01 2.08552700E-19
7.38501300E+01 1.13032000E-18
8.63241100E+01 3.57500400E-18
9.97960100E+01 1.02286900E-17
1.14265800E+02 2.46800700E-17
1.29733600E+02 4.96236000E-17
1.46199200E+02 9.09370600E-17
1.63662800E+02 1.50472500E-16
1.82124300E+02 2.35402300E-16
2.01583700E+02 3.49307600E-16
2.22041000E+02 5.00243000E-16
2.43496300E+02 6.82708000E-16
2.65949400E+02 9.04486300E-16
2.89400500E+02 1.16437700E-15
3.13849500E+02 1.46493100E-15
3.39296400E+02 1.81602700E-15
3.65741300E+02 2.19748200E-15
3.93184000E+02 2.63790200E-15
4.21624700E+02 3.11412600E-15
4.51063300E+02 3.66121000E-15
4.81499800E+02 4.21257200E-15
5.12934300E+02 4.79383600E-15
5.45366600E+02 5.44581800E-15
5.78796900E+02 6.11827200E-15
6.13225100E+02 6.80959500E-15
6.48651200E+02 7.55289200E-15
6.85075200E+02 8.33233100E-15
7.22497100E+02 9.08359500E-15
7.60917000E+02 9.90069600E-15
8.00334800E+02 1.07650400E-14
8.40750500E+02 1.17023500E-14
8.82164100E+02 1.25239500E-14
9.24575600E+02 1.34520500E-14
9.67985100E+02 1.43773700E-14
1.01239200E+03 1.52980500E-14
1.05779800E+03 1.62718000E-14
1.10420100E+03 1.72126900E-14
1.15160200E+03 1.82440300E-14
1.20000100E+03 1.92201000E-14
-----------------------

C14 N2 Excitation 2.30 eV (1/s)
-----------------------
2.00000200E+00 0.00000000E+00
2.49896100E+00 0.00000000E+00
3.99583900E+00 0.00000000E+00
6.49063500E+00 0.00000000E+00
9.98335000E+00 4.04841600E-22
1.44739800E+01 2.67834200E-20
1.99625300E+01 4.23319100E-19
2.64490000E+01 2.90279100E-18
3.39333900E+01 1.13297500E-17
4.24157000E+01 3.10176300E-17
5.18959300E+01 6.46480500E-17
6.23740700E+01 1.11499800E-16
7.38501300E+01 1.63319200E-16
8.63241100E+01 2.13769600E-16
9.97960100E+01 2.55102700E-16
1.14265800E+02 2.84109700E-16
1.29733600E+02 3.02643900E-16
1.46199200E+02 3.12217300E-16
1.63662800E+02 3.14855700E-16
1.82124300E+02 3.12791700E-16
2.01583700E+02 3.06984700E-16
2.22041000E+02 2.98448800E-16
2.43496300E+02 2.88942600E-16
2.65949400E+02 2.79703500E-16
2.89400500E+02 2.69453800E-16
3.13849500E+02 2.58513900E-16
3.39296400E+02 2.48676800E-16
3.65741300E+02 2.37069500E-16
3.93184000E+02 2.27193300E-16
4.21624700E+02 2.18157900E-16
4.51063300E+02 2.07099400E-16
4.81499800E+02 1.99417700E-16
5.12934300E+02 1.89839100E-16
5.45366600E+02 1.80804900E-16
5.78796900E+02 1.72321200E-16
6.13225100E+02 1.64701700E-16
6.48651200E+02 1.57592500E-16
6.85075200E+02 1.52143000E-16
7.22497100E+02 1.45920800E-16
7.60917000E+02 1.39283100E-16
8.00334800E+02 1.31782500E-16
8.40750500E+02 1.26633800E-16
8.82164100E+02 1.21250000E-16
9.24575600E+02 1.15320100E-16
9.67985100E+02 1.10392100E-16
1.01239200E+03 1.05579100E-16
1.05779800E+03 1.00980400E-16
1.10420100E+03 9.73620000E-17
1.15160200E+03 9.34290200E-17
1.20000100E+03 8.94143800E-17
-----------------------

C15 N2 Excitation 2.50 eV (1/s)
-----------------------
2.00000200E+00 0.00000000E+00
2.49896100E+00 0.00000000E+00
3.99583900E+00 0.00000000E+00
6.49063500E+00 0.00000000E+00
9.98335000E+00 0.00000000E+00
1.44739800E+01 2.19653400E-21
1.99625300E+01 5.35230200E-20
2.64490000E+01 5.77513300E-19
3.39333900E+01 2.90590600E-18
4.24157000E+01 9.72037400E-18
5.18959300E+01 2.28224200E-17
6.23740700E+01 4.28524000E-17
7.38501300E+01 6.63569500E-17
8.63241100E+01 9.02408400E-17
9.97960100E+01 1.11237200E-16
1.14265800E+02 1.26589900E-16
1.29733600E+02 1.37203000E-16
1.46199200E+02 1.43302700E-16
1.63662800E+02 1.46109800E-16
1.82124300E+02 1.46306900E-16
2.01583700E+02 1.44684300E-16
2.22041000E+02 1.41261500E-16
2.43496300E+02 1.37426700E-16
2.65949400E+02 1.33759100E-16
2.89400500E+02 1.29156400E-16
3.13849500E+02 1.24104600E-16
3.39296400E+02 1.19630700E-16
3.65741300E+02 1.14588500E-16
3.93184000E+02 1.10023800E-16
4.21624700E+02 1.05285200E-16
4.51063300E+02 1.00436000E-16
4.81499800E+02 9.67789500E-17
5.12934300E+02 9.21512500E-17
5.45366600E+02 8.80095300E-17
5.78796900E+02 8.38675100E-17
6.13225100E+02 8.05646400E-17
6.48651200E+02 7.71108800E-17
6.85075200E+02 7.42035600E-17
7.22497100E+02 7.12025100E-17
7.60917000E+02 6.82701000E-17
8.00334800E+02 6.47909400E-17
8.40750500E+02 6.20437500E-17
8.82164100E+02 5.94680100E-17
9.24575600E+02 5.67103000E-17
9.67985100E+02 5.40621800E-17
1.01239200E+03 5.17678200E-17
1.05779800E+03 4.95906000E-17
1.10420100E+03 4.79698400E-17
1.15160200E+03 4.60797900E-17
1.20000100E+03 4.37489700E-17
-----------------------

C16 N2 Excitation 6.17 eV (1/s)
-----------------------
2.00000200E+00 0.00000000E+00
2.49896100E+00 0.00000000E+00
3.99583900E+00 0.00000000E+00
6.49063500E+00 0.00000000E+00
9.98335000E+00 0.00000000E+00
1.44739800E+01 0.00000000E+00
1.99625300E+01 9.06399400E-23
2.64490000E+01 1.08482800E-21
3.39333900E+01 9.80510700E-21
4.24157000E+01 8.72283400E-20
5.18959300E+01 3.97438400E-19
6.23740700E+01 1.21981300E-18
7.38501300E+01 2.86548000E-18
8.63241100E+01 5.52543600E-18
9.97960100E+01 9.21909800E-18
1.14265800E+02 1.38778100E-17
1.29733600E+02 1.93071200E-17
1.46199200E+02 2.53330300E-17
1.63662800E+02 3.17268200E-17
1.82124300E+02 3.85636100E-17
2.01583700E+02 4.56374600E-17
2.22041000E+02 5.29925300E-17
2.43496300E+02 6.01954400E-17
2.65949400E+02 6.73406200E-17
2.89400500E+02 7.44355800E-17
3.13849500E+02 8.16483600E-17
3.39296400E+02 8.86838900E-17
3.65741300E+02 9.53296300E-17
3.93184000E+02 1.02115700E-16
4.21624700E+02 1.08010200E-16
4.51063300E+02 1.14612900E-16
4.81499800E+02 1.19990400E-16
5.12934300E+02 1.25511500E-16
5.45366600E+02 1.30647200E-16
5.78796900E+02 1.35676200E-16
6.13225100E+02 1.40013600E-16
6.48651200E+02 1.44785400E-16
6.85075200E+02 1.48570000E-16
7.22497100E+02 1.52134500E-16
7.60917000E+02 1.55305000E-16
8.00334800E+02 1.58630500E-16
8.40750500E+02 1.61321600E-16
8.82164100E+02 1.63947000E-16
9.24575600E+02 1.66479700E-16
9.67985100E+02 1.68555300E-16
1.01239200E+03 1.70378100E-16
1.05779800E+03 1.71839400E-16
1.10420100E+03 1.73161600E-16
1.15160200E+03 1.74491600E-16
1.20000100E+03 1.75449300E-16
-----------------------

C17 N2 Excitation 7.00 eV (1/s)
-----------------------
2.00000200E+00 0.00000000E+00
2.49896100E+00 0.00000000E+00
3.99583900E+00 0.00000000E+00
6.49063500E+00 0.00000000E+00
9.98335000E+00 0.00000000E+00
1.44739800E+01 0.00000000E+00
1.99625300E+01 8.96325900E-23
2.64490000E+01 2.56315300E-21
3.39333900E+01 2.41937000E-20
4.24157000E+01 2.59444900E-19
5.18959300E+01 1.25906700E-18
6.23740700E+01 4.07223900E-18
7.38501300E+01 9.98615200E-18
8.63241100E+01 1.98567000E-17
9.97960100E+01 3.39667300E-17
1.14265800E+02 5.22591300E-17
1.29733600E+02 7.39508700E-17
1.46199200E+02 9.84571500E-17
1.63662800E+02 1.24782700E-16
1.82124300E+02 1.53262200E-16
2.01583700E+02 1.82987600E-16
2.22041000E+02 2.14179500E-16
2.43496300E+02 2.44861500E-16
2.65949400E+02 2.75508500E-16
2.89400500E+02 3.06058000E-16
3.13849500E+02 3.37205400E-16
3.39296400E+02 3.67751500E-16
3.65741300E+02 3.96627900E-16
3.93184000E+02 4.26184600E-16
4.21624700E+02 4.51930900E-16
4.51063300E+02 4.80834600E-16
4.81499800E+02 5.04444900E-16
5.12934300E+02 5.28671700E-16
5.45366600E+02 5.51272900E-16
5.78796900E+02 5.73438000E-16
6.13225100E+02 5.92564500E-16
6.48651200E+02 6.13605700E-16
6.85075200E+02 6.30367400E-16
7.22497100E+02 6.46134600E-16
7.60917000E+02 6.60175800E-16
8.00334800E+02 6.74902200E-16
8.40750500E+02 6.86867700E-16
8.82164100E+02 6.98525600E-16
9.24575600E+02 7.09770900E-16
9.67985100E+02 7.19016700E-16
1.01239200E+03 7.27128400E-16
1.05779800E+03 7.33687800E-16
1.10420100E+03 7.39639000E-16
1.15160200E+03 7.45607400E-16
1.20000100E+03 7.49927700E-16
-----------------------

C18 N2 Excitation 7.35 eV (1/s)
-----------------------
2.00000200E+00 0.00000000E+00
2.49896100E+00 0.00000000E+00
3.99583900E+00 0.00000000E+00
6.49063500E+00 0.00000000E+00
9.98335000E+00 0.00000000E+00
1.44739800E+01 0.00000000E+00
1.99625300E+01 2.30474800E-22
2.64490000E+01 1.03730000E-20
3.39333900E+01 1.00163400E-19
4.24157000E+01 1.08916700E-18
5.18959300E+01 5.29263700E-18
6.23740700E+01 1.70620900E-17
7.38501300E+01 4.14710000E-17
8.63241100E+01 8.16020400E-17
9.97960100E+01 1.37571000E-16
1.14265800E+02 2.07950500E-16
1.29733600E+02 2.88782200E-16
1.46199200E+02 3.76685900E-16
1.63662800E+02 4.67755500E-16
1.82124300E+02 5.62424400E-16
2.01583700E+02 6.57669600E-16
2.22041000E+02 7.53675000E-16
2.43496300E+02 8.45030300E-16
2.65949400E+02 9.32853100E-16
2.89400500E+02 1.01784200E-15
3.13849500E+02 1.10310600E-15
3.39296400E+02 1.18392800E-15
3.65741300E+02 1.25859300E-15
3.93184000E+02 1.33338600E-15
4.21624700E+02 1.39582900E-15
4.51063300E+02 1.46725300E-15
4.81499800E+02 1.52179700E-15
5.12934300E+02 1.57952800E-15
5.45366600E+02 1.63132700E-15
5.78796900E+02 1.68099000E-15
6.13225100E+02 1.72317100E-15
6.48651200E+02 1.77054100E-15
6.85075200E+02 1.80464800E-15
7.22497100E+02 1.83642000E-15
7.60917000E+02 1.86498400E-15
8.00334800E+02 1.89484200E-15
8.40750500E+02 1.91675500E-15
8.82164100E+02 1.93920900E-15
9.24575600E+02 1.95977500E-15
9.67985100E+02 1.97586400E-15
1.01239200E+03 1.98882100E-15
1.05779800E+03 1.99844700E-15
1.10420100E+03 2.00575600E-15
1.15160200E+03 2.01331300E-15
1.20000100E+03 2.01756100E-15
-----------------------

C19 N2 Excitation 7.36 eV (1/s)
-----------------------
2.00000200E+00 0.00000000E+00
2.49896100E+00 0.00000000E+00
3.99583900E+00 0.00000000E+00
6.49063500E+00 0.00000000E+00
9.98335000E+00 0.00000000E+00
1.44739800E+01 0.00000000E+00
1.99625300E+01 1.11213600E-23
2.64490000E+01 3.50653200E-21
3.39333900E+01 3.63847700E-20
4.24157000E+01 4.84261000E-19
5.18959300E+01 2.51814000E-18
6.23740700E+01 8.63051800E-18
7.38501300E+01 2.23421500E-17
8.63241100E+01 4.63416800E-17
9.97960100E+01 8.24023100E-17
1.14265800E+02 1.31550000E-16
1.29733600E+02 1.92193000E-16
1.46199200E+02 2.63396900E-16
1.63662800E+02 3.42218300E-16
1.82124300E+02 4.29902400E-16
2.01583700E+02 5.23276500E-16
2.22041000E+02 6.23173500E-16
2.43496300E+02 7.22376300E-16
2.65949400E+02 8.22679800E-16
2.89400500E+02 9.23195800E-16
3.13849500E+02 1.02573800E-15
3.39296400E+02 1.12656800E-15
3.65741300E+02 1.22152400E-15
3.93184000E+02 1.31888100E-15
4.21624700E+02 1.40253200E-15
4.51063300E+02 1.49638300E-15
4.81499800E+02 1.57243500E-15
5.12934300E+02 1.64942400E-15
5.45366600E+02 1.72040400E-15
5.78796900E+02 1.78997300E-15
6.13225100E+02 1.84838200E-15
6.48651200E+02 1.91294500E-15
6.85075200E+02 1.96268100E-15
7.22497100E+02 2.00936900E-15
7.60917000E+02 2.04897000E-15
8.00334800E+02 2.09011600E-15
8.40750500E+02 2.12146200E-15
8.82164100E+02 2.15307800E-15
9.24575600E+02 2.18239100E-15
9.67985100E+02 2.20503900E-15
1.01239200E+03 2.22357600E-15
1.05779800E+03 2.23628100E-15
1.10420100E+03 2.24801300E-15
1.15160200E+03 2.25927000E-15
1.20000100E+03 2.26549400E-15
-----------------------

C20 N2 Excitation 7.80 eV (1/s)
-----------------------
2.00000200E+00 0.00000000E+00
2.49896100E+00 0.00000000E+00
3.99583900E+00 0.00000000E+00
6.49063500E+00 0.00000000E+00
9.98335000E+00 0.00000000E+00
1.44739800E+01 0.00000000E+00
1.99625300E+01 0.00000000E+00
2.64490000E+01 8.26846300E-22
3.39333900E+01 9.05745700E-21
4.24157000E+01 1.42205300E-19
5.18959300E+01 7.62493400E-19
6.23740700E+01 2.67673200E-18
7.38501300E+01 7.05032900E-18
8.63241100E+01 1.47752300E-17
9.97960100E+01 2.63492200E-17
1.14265800E+02 4.20640800E-17
1.29733600E+02 6.12832800E-17
1.46199200E+02 8.36289400E-17
1.63662800E+02 1.08135500E-16
1.82124300E+02 1.35142100E-16
2.01583700E+02 1.63749800E-16
2.22041000E+02 1.94192100E-16
2.43496300E+02 2.24345700E-16
2.65949400E+02 2.54778500E-16
2.89400500E+02 2.85326900E-16
3.13849500E+02 3.16551900E-16
3.39296400E+02 3.47477500E-16
3.65741300E+02 3.76698900E-16
3.93184000E+02 4.06775000E-16
4.21624700E+02 4.33069600E-16
4.51063300E+02 4.62686300E-16
4.81499800E+02 4.87033300E-16
5.12934300E+02 5.11954900E-16
5.45366600E+02 5.35338600E-16
5.78796900E+02 5.58306000E-16
6.13225100E+02 5.78257400E-16
6.48651200E+02 6.00172100E-16
6.85075200E+02 6.17787400E-16
7.22497100E+02 6.34343100E-16
7.60917000E+02 6.49120300E-16
8.00334800E+02 6.64714200E-16
8.40750500E+02 6.77460700E-16
8.82164100E+02 6.89919900E-16
9.24575600E+02 7.01964200E-16
9.67985100E+02 7.11927700E-16
1.01239200E+03 7.20742400E-16
1.05779800E+03 7.27989700E-16
1.10420100E+03 7.34687600E-16
1.15160200E+03 7.41365200E-16
1.20000100E+03 7.46331000E-16
-----------------------

C21 N2 Excitation 8.16 eV (1/s)
-----------------------
2.00000200E+00 0.00000000E+00
2.49896100E+00 0.00000000E+00
3.99583900E+00 0.00000000E+00
6.49063500E+00 0.00000000E+00
9.98335000E+00 0.00000000E+00
1.44739800E+01 0.00000000E+00
1.99625300E+01 0.00000000E+00
2.64490000E+01 6.80668000E-22
3.39333900E+01 7.64246900E-21
4.24157000E+01 1.22478600E-19
5.18959300E+01 6.66740400E-19
6.23740700E+01 2.37957200E-18
7.38501300E+01 6.40417500E-18
8.63241100E+01 1.36542800E-17
9.97960100E+01 2.47513200E-17
1.14265800E+02 4.00918500E-17
1.29733600E+02 5.91366500E-17
1.46199200E+02 8.14660600E-17
1.63662800E+02 1.06069600E-16
1.82124300E+02 1.33194700E-16
2.01583700E+02 1.61808600E-16
2.22041000E+02 1.92029500E-16
2.43496300E+02 2.21683200E-16
2.65949400E+02 2.51299800E-16
2.89400500E+02 2.80718200E-16
3.13849500E+02 3.10643200E-16
3.39296400E+02 3.39676300E-16
3.65741300E+02 3.66890800E-16
3.93184000E+02 3.94962800E-16
4.21624700E+02 4.18412200E-16
4.51063300E+02 4.45461300E-16
4.81499800E+02 4.66994300E-16
5.12934300E+02 4.89090000E-16
5.45366600E+02 5.09612300E-16
5.78796900E+02 5.29579000E-16
6.13225100E+02 5.46689800E-16
6.48651200E+02 5.65856500E-16
6.85075200E+02 5.80537600E-16
7.22497100E+02 5.94472200E-16
7.60917000E+02 6.06859000E-16
8.00334800E+02 6.19738200E-16
8.40750500E+02 6.30246400E-16
8.82164100E+02 6.40643100E-16
9.24575600E+02 6.50599700E-16
9.67985100E+02 6.58884300E-16
1.01239200E+03 6.65924100E-16
1.05779800E+03 6.71735100E-16
1.10420100E+03 6.76923300E-16
1.15160200E+03 6.82466200E-16
1.20000100E+03 6.86505700E-16
-----------------------

C22 N2 Excitation 8.40 eV (1/s)
-----------------------
2.00000200E+00 0.00000000E+00
2.49896100E+00 0.00000000E+00
3.99583900E+00 0.00000000E+00
6.49063500E+00 0.00000000E+00
9.98335000E+00 0.00000000E+00
1.44739800E+01 0.00000000E+00
1.99625300E+01 0.00000000E+00
2.64490000E+01 3.88317100E-22
3.39333900E+01 4.67794600E-21
4.24157000E+01 8.70524500E-20
5.18959300E+01 4.87291400E-19
6.23740700E+01 1.78187800E-18
7.38501300E+01 4.89862700E-18
8.63241100E+01 1.05952700E-17
9.97960100E+01 1.93933400E-17
1.14265800E+02 3.16485600E-17
1.29733600E+02 4.69149800E-17
1.46199200E+02 6.48312400E-17
1.63662800E+02 8.45606400E-17
1.82124300E+02 1.06266100E-16
2.01583700E+02 1.29104200E-16
2.22041000E+02 1.53118400E-16
2.43496300E+02 1.76588100E-16
2.65949400E+02 1.99895900E-16
2.89400500E+02 2.22957800E-16
3.13849500E+02 2.46351300E-16
3.39296400E+02 2.68886000E-16
3.65741300E+02 2.89904600E-16
3.93184000E+02 3.11532200E-16
4.21624700E+02 3.29329900E-16
4.51063300E+02 3.50046100E-16
4.81499800E+02 3.66293300E-16
5.12934300E+02 3.83054100E-16
5.45366600E+02 3.98514900E-16
5.78796900E+02 4.13526300E-16
6.13225100E+02 4.26368100E-16
6.48651200E+02 4.40834600E-16
6.85075200E+02 4.51768800E-16
7.22497100E+02 4.62201300E-16
7.60917000E+02 4.71563500E-16
8.00334800E+02 4.81336300E-16
8.40750500E+02 4.89388500E-16
8.82164100E+02 4.97345900E-16
9.24575600E+02 5.05136700E-16
9.67985100E+02 5.11809000E-16
1.01239200E+03 5.17462900E-16
1.05779800E+03 5.22436100E-16
1.10420100E+03 5.26915800E-16
1.15160200E+03 5.31970400E-16
1.20000100E+03 5.35911500E-16
-----------------------

C23 N2 Excitation 8.55 eV (1/s)
-----------------------
2.00000200E+00 0.00000000E+00
2.49896100E+00 0.00000000E+00
3.99583900E+00 0.00000000E+00
6.49063500E+00 0.00000000E+00
9.98335000E+00 0.00000000E+00
1.44739800E+01 0.00000000E+00
1.99625300E+01 0.00000000E+00
2.64490000E+01 7.06543900E-22
3.39333900E+01 8.92701400E-21
4.24157000E+01 1.79591700E-19
5.18959300E+01 1.01930100E-18
6.23740700E+01 3.79310200E-18
7.38501300E+01 1.06166100E-17
8.63241100E+01 2.33225400E-17
9.97960100E+01 4.35767300E-17
1.14265800E+02 7.28894200E-17
1.29733600E+02 1.10751900E-16
1.46199200E+02 1.57379000E-16
1.63662800E+02 2.11098000E-16
1.82124300E+02 2.73331200E-16
2.01583700E+02 3.42282400E-16
2.22041000E+02 4.19139300E-16
2.43496300E+02 4.98437200E-16
2.65949400E+02 5.82015500E-16
2.89400500E+02 6.69019400E-16
3.13849500E+02 7.60270500E-16
3.39296400E+02 8.54505200E-16
3.65741300E+02 9.46763000E-16
3.93184000E+02 1.04478400E-15
4.21624700E+02 1.13579100E-15
4.51063300E+02 1.23803800E-15
4.81499800E+02 1.32829100E-15
5.12934300E+02 1.42061100E-15
5.45366600E+02 1.51244900E-15
5.78796900E+02 1.60433200E-15
6.13225100E+02 1.68873900E-15
6.48651200E+02 1.77999200E-15
6.85075200E+02 1.86224800E-15
7.22497100E+02 1.94040600E-15
7.60917000E+02 2.01480700E-15
8.00334800E+02 2.09337400E-15
8.40750500E+02 2.16708300E-15
8.82164100E+02 2.23493900E-15
9.24575600E+02 2.30505200E-15
9.67985100E+02 2.36885500E-15
1.01239200E+03 2.42943400E-15
1.05779800E+03 2.48660700E-15
1.10420100E+03 2.54109700E-15
1.15160200E+03 2.59774100E-15
1.20000100E+03 2.64703600E-15
-----------------------

C24 N2 Excitation 8.89 eV (1/s)
-----------------------
2.00000200E+00 0.00000000E+00
2.49896100E+00 0.00000000E+00
3.99583900E+00 0.00000000E+00
6.49063500E+00 0.00000000E+00
9.98335000E+00 0.00000000E+00
1.44739800E+01 0.00000000E+00
1.99625300E+01 0.00000000E+00
2.64490000E+01 3.00867900E-22
3.39333900E+01 3.89081500E-21
4.24157000E+01 1.03639500E-19
5.18959300E+01 5.99105300E-19
6.23740700E+01 2.26329100E-18
7.38501300E+01 6.37654700E-18
8.63241100E+01 1.39827600E-17
9.97960100E+01 2.56637700E-17
1.14265800E+02 4.18664500E-17
1.29733600E+02 6.18297600E-17
1.46199200E+02 8.49365300E-17
1.63662800E+02 1.10027200E-16
1.82124300E+02 1.37226000E-16
2.01583700E+02 1.65456100E-16
2.22041000E+02 1.94717300E-16
2.43496300E+02 2.22904100E-16
2.65949400E+02 2.50487900E-16
2.89400500E+02 2.77479400E-16
3.13849500E+02 3.04591500E-16
3.39296400E+02 3.30444500E-16
3.65741300E+02 3.54076200E-16
3.93184000E+02 3.78101900E-16
4.21624700E+02 3.97393900E-16
4.51063300E+02 4.20089100E-16
4.81499800E+02 4.37015100E-16
5.12934300E+02 4.54852700E-16
5.45366600E+02 4.70532300E-16
5.78796900E+02 4.85534900E-16
6.13225100E+02 4.98086900E-16
6.48651200E+02 5.12308000E-16
6.85075200E+02 5.21981500E-16
7.22497100E+02 5.30987400E-16
7.60917000E+02 5.38678600E-16
8.00334800E+02 5.46660800E-16
8.40750500E+02 5.52186000E-16
8.82164100E+02 5.58100400E-16
9.24575600E+02 5.63223800E-16
9.67985100E+02 5.67021700E-16
1.01239200E+03 5.69573000E-16
1.05779800E+03 5.71102100E-16
1.10420100E+03 5.72142300E-16
1.15160200E+03 5.73354600E-16
1.20000100E+03 5.73530600E-16
-----------------------

C25 N2 Ionization 15.60 eV (1/s)
-----------------------
2.00000200E+00 0.00000000E+00
2.49896100E+00 0.00000000E+00
3.99583900E+00 0.00000000E+00
6.49063500E+00 0.00000000E+00
9.98335000E+00 0.00000000E+00
1.44739800E+01 0.00000000E+00
1.99625300E+01 0.00000000E+00
2.64490000E+01 0.00000000E+00
3.39333900E+01 0.00000000E+00
4.24157000E+01 0.00000000E+00
5.18959300E+01 0.00000000E+00
6.23740700E+01 8.42884400E-21
7.38501300E+01 7.30056100E-20
8.63241100E+01 2.56453300E-19
9.97960100E+01 9.77275100E-19
1.14265800E+02 3.09266900E-18
1.29733600E+02 7.39113700E-18
1.46199200E+02 1.58612500E-17
1.63662800E+02 2.96639100E-17
1.82124300E+02 5.17430600E-17
2.01583700E+02 8.49209000E-17
2.22041000E+02 1.32971900E-16
2.43496300E+02 1.96603900E-16
2.65949400E+02 2.79796000E-16
2.89400500E+02 3.83505700E-16
3.13849500E+02 5.12302500E-16
3.39296400E+02 6.71191500E-16
3.65741300E+02 8.53120900E-16
3.93184000E+02 1.07524600E-15
4.21624700E+02 1.32908600E-15
4.51063300E+02 1.63504400E-15
4.81499800E+02 1.95656800E-15
5.12934300E+02 2.30460200E-15
5.45366600E+02 2.71972200E-15
5.78796900E+02 3.15548500E-15
6.13225100E+02 3.62808300E-15
6.48651200E+02 4.14280700E-15
6.85075200E+02 4.71126000E-15
7.22497100E+02 5.26324400E-15
7.60917000E+02 5.90985800E-15
8.00334800E+02 6.59209300E-15
8.40750500E+02 7.37626500E-15
8.82164100E+02 8.05323000E-15
9.24575600E+02 8.85725300E-15
9.67985100E+02 9.68754100E-15
1.01239200E+03 1.05195400E-14
1.05779800E+03 1.14349000E-14
1.10420100E+03 1.23318900E-14
1.15160200E+03 1.33477100E-14
1.20000100E+03 1.43341600E-14
-----------------------

C26 N2 Ionization 18.80 eV (1/s)
-----------------------
2.00000200E+00 0.00000000E+00
2.49896100E+00 0.00000000E+00
3.99583900E+00 0.00000000E+00
6.49063500E+00 0.00000000E+00
9.98335000E+00 0.00000000E+00
1.44739800E+01 0.00000000E+00
1.99625300E+01 0.00000000E+00
2.64490000E+01 0.00000000E+00
3.39333900E+01 0.00000000E+00
4.24157000E+01 0.00000000E+00
5.18959300E+01 0.00000000E+00
6.23740700E+01 0.00000000E+00
7.38501300E+01 8.59621800E-22
8.63241100E+01 2.35076700E-21
9.97960100E+01 1.14740700E-20
1.14265800E+02 5.14832300E-20
1.29733600E+02 1.55172800E-19
1.46199200E+02 4.01842700E-19
1.63662800E+02 8.62561900E-19
1.82124300E+02 1.68918100E-18
2.01583700E+02 3.09104300E-18
2.22041000E+02 5.29697100E-18
2.43496300E+02 8.46423100E-18
2.65949400E+02 1.28829800E-17
2.89400500E+02 1.86688800E-17
3.13849500E+02 2.62789300E-17
3.39296400E+02 3.60024400E-17
3.65741300E+02 4.75478400E-17
3.93184000E+02 6.22063800E-17
4.21624700E+02 7.93521000E-17
4.51063300E+02 1.00617300E-16
4.81499800E+02 1.23389100E-16
5.12934300E+02 1.48302500E-16
5.45366600E+02 1.78814600E-16
5.78796900E+02 2.11016700E-16
6.13225100E+02 2.46467800E-16
6.48651200E+02 2.85315100E-16
6.85075200E+02 3.28731500E-16
7.22497100E+02 3.70944400E-16
7.60917000E+02 4.21339300E-16
8.00334800E+02 4.74274500E-16
8.40750500E+02 5.35686900E-16
8.82164100E+02 5.88782900E-16
9.24575600E+02 6.51857700E-16
9.67985100E+02 7.17243700E-16
1.01239200E+03 7.82764100E-16
1.05779800E+03 8.55328800E-16
1.10420100E+03 9.26154500E-16
1.15160200E+03 1.00654300E-15
1.20000100E+03 1.08450300E-15
-----------------------

C27 O2 Attachment (1/s)
FACTOR: 1e-6
-----------------------
2.00000200E+00 1.76014300E-36
2.49896100E+00 1.50683000E-36
3.99583900E+00 1.02277500E-36
6.49063500E+00 7.03205900E-37
9.98335000E+00 5.56620700E-37
1.44739800E+01 4.93493300E-37
1.99625300E+01 4.56045500E-37
2.64490000E+01 4.33174000E-37
3.39333900E+01 4.14450500E-37
4.24157000E+01 3.98580300E-37
5.18959300E+01 3.73766100E-37
6.23740700E+01 3.42898700E-37
7.38501300E+01 3.08146500E-37
8.63241100E+01 2.66335700E-37
9.97960100E+01 2.29336300E-37
1.14265800E+02 1.95040700E-37
1.29733600E+02 1.65751100E-37
1.46199200E+02 1.41775300E-37
1.63662800E+02 1.22507400E-37
1.82124300E+02 1.06125900E-37
2.01583700E+02 9.31959500E-38
2.22041000E+02 8.25298700E-38
2.43496300E+02 7.32051000E-38
2.65949400E+02 6.62798200E-38
2.89400500E+02 5.89946400E-38
3.13849500E+02 5.44495200E-38
3.39296400E+02 4.97150400E-38
3.65741300E+02 4.54891200E-38
3.93184000E+02 4.17126600E-38
4.21624700E+02 3.84533500E-38
4.51063300E+02 3.53581600E-38
4.81499800E+02 3.29225400E-38
5.12934300E+02 3.06069500E-38
5.45366600E+02 2.88404800E-38
5.78796900E+02 2.74167500E-38
6.13225100E+02 2.53019400E-38
6.48651200E+02 2.34909900E-38
6.85075200E+02 2.27214400E-38
7.22497100E+02 2.09329100E-38
7.60917000E+02 2.01085900E-38
8.00334800E+02 1.85748500E-38
8.40750500E+02 1.74986600E-38
8.82164100E+02 1.66070400E-38
9.24575600E+02 1.54756900E-38
9.67985100E+02 1.46537500E-38
1.01239200E+03 1.41611600E-38
1.05779800E+03 1.34796600E-38
1.10420100E+03 1.25284100E-38
1.15160200E+03 1.21964700E-38
1.20000100E+03 1.11173300E-38
-----------------------

C28 O2 Attachment (1/s)
-----------------------
2.00000200E+00 0.00000000E+00
2.49896100E+00 0.00000000E+00
3.99583900E+00 0.00000000E+00
6.49063500E+00 0.00000000E+00
9.98335000E+00 0.00000000E+00
1.44739800E+01 0.00000000E+00
1.99625300E+01 1.22407400E-21
2.64490000E+01 8.26950700E-21
3.39333900E+01 8.21459800E-20
4.24157000E+01 4.91498700E-19
5.18959300E+01 1.78197900E-18
6.23740700E+01 4.44032700E-18
7.38501300E+01 8.43978000E-18
8.63241100E+01 1.36802600E-17
9.97960100E+01 1.92807400E-17
1.14265800E+02 2.45492000E-17
1.29733600E+02 2.94337600E-17
1.46199200E+02 3.34512600E-17
1.63662800E+02 3.67638400E-17
1.82124300E+02 3.93696700E-17
2.01583700E+02 4.14267600E-17
2.22041000E+02 4.28926500E-17
2.43496300E+02 4.41177900E-17
2.65949400E+02 4.48027700E-17
2.89400500E+02 4.53286200E-17
3.13849500E+02 4.56393600E-17
3.39296400E+02 4.56169400E-17
3.65741300E+02 4.57089200E-17
3.93184000E+02 4.56076900E-17
4.21624700E+02 4.54645000E-17
4.51063300E+02 4.50241800E-17
4.81499800E+02 4.47158100E-17
5.12934300E+02 4.43583300E-17
5.45366600E+02 4.39164100E-17
5.78796900E+02 4.34976500E-17
6.13225100E+02 4.30725000E-17
6.48651200E+02 4.24864600E-17
6.85075200E+02 4.19933600E-17
7.22497100E+02 4.16280800E-17
7.60917000E+02 4.11784300E-17
8.00334800E+02 4.07713900E-17
8.40750500E+02 4.02885200E-17
8.82164100E+02 3.98865900E-17
9.24575600E+02 3.94867300E-17
9.67985100E+02 3.90953100E-17
1.01239200E+03 3.87743800E-17
1.05779800E+03 3.84057000E-17
1.10420100E+03 3.80957800E-17
1.15160200E+03 3.77492600E-17
1.20000100E+03 3.74879000E-17
-----------------------

C29 O2 Elastic (1/s)
-----------------------
2.00000200E+00 1.54146200E-14
2.49896100E+00 1.83543100E-14
3.99583900E+00 2.61193400E-14
6.49063500E+00 3.28844100E-14
9.98335000E+00 3.65526000E-14
1.44739800E+01 3.83839500E-14
1.99625300E+01 3.94854100E-14
2.64490000E+01 4.02059100E-14
3.39333900E+01 4.08812700E-14
4.24157000E+01 4.16230300E-14
5.18959300E+01 4.29232100E-14
6.23740700E+01 4.50463400E-14
7.38501300E+01 4.79314100E-14
8.63241100E+01 5.16433400E-14
9.97960100E+01 5.56931200E-14
1.14265800E+02 5.98253700E-14
1.29733600E+02 6.39373400E-14
1.46199200E+02 6.78488200E-14
1.63662800E+02 7.15586700E-14
1.82124300E+02 7.51260200E-14
2.01583700E+02 7.85668100E-14
2.22041000E+02 8.18936600E-14
2.43496300E+02 8.50909900E-14
2.65949400E+02 8.81336400E-14
2.89400500E+02 9.11439900E-14
3.13849500E+02 9.41524300E-14
3.39296400E+02 9.70778000E-14
3.65741300E+02 9.99354700E-14
3.93184000E+02 1.02837600E-13
4.21624700E+02 1.05517200E-13
4.51063300E+02 1.08431800E-13
4.81499800E+02 1.10976500E-13
5.12934300E+02 1.13626900E-13
5.45366600E+02 1.16203000E-13
5.78796900E+02 1.18777700E-13
6.13225100E+02 1.21170200E-13
6.48651200E+02 1.23726900E-13
6.85075200E+02 1.26030700E-13
7.22497100E+02 1.28246700E-13
7.60917000E+02 1.30419000E-13
8.00334800E+02 1.32715100E-13
8.40750500E+02 1.34892100E-13
8.82164100E+02 1.36892200E-13
9.24575600E+02 1.39013300E-13
9.67985100E+02 1.40979600E-13
1.01239200E+03 1.42868300E-13
1.05779800E+03 1.44706300E-13
1.10420100E+03 1.46448900E-13
1.15160200E+03 1.48312300E-13
1.20000100E+03 1.50006300E-13
-----------------------

C30 O2 Excitation 0.07 eV (1/s)
-----------------------
2.00000200E+00 1.79502700E-17
2.49896100E+00 2.26182300E-17
3.99583900E+00 3.17847600E-17
6.49063500E+00 3.57986200E-17
9.98335000E+00 3.59160700E-17
1.44739800E+01 3.50720200E-17
1.99625300E+01 3.41196600E-17
2.64490000E+01 3.32561800E-17
3.39333900E+01 3.21159800E-17
4.24157000E+01 3.10851500E-17
5.18959300E+01 2.94577000E-17
6.23740700E+01 2.71767800E-17
7.38501300E+01 2.45876800E-17
8.63241100E+01 2.14824300E-17
9.97960100E+01 1.85206500E-17
1.14265800E+02 1.58757400E-17
1.29733600E+02 1.35562200E-17
1.46199200E+02 1.16468300E-17
1.63662800E+02 1.00389500E-17
1.82124300E+02 8.76114900E-18
2.01583700E+02 7.69422000E-18
2.22041000E+02 6.81210700E-18
2.43496300E+02 6.05880100E-18
2.65949400E+02 5.47127700E-18
2.89400500E+02 4.91678000E-18
3.13849500E+02 4.51905300E-18
3.39296400E+02 4.11361300E-18
3.65741300E+02 3.77527600E-18
3.93184000E+02 3.48322000E-18
4.21624700E+02 3.20079400E-18
4.51063300E+02 2.98823900E-18
4.81499800E+02 2.75811600E-18
5.12934300E+02 2.54956200E-18
5.45366600E+02 2.40091400E-18
5.78796900E+02 2.25141500E-18
6.13225100E+02 2.10443600E-18
6.48651200E+02 1.94071500E-18
6.85075200E+02 1.86271600E-18
7.22497100E+02 1.74598200E-18
7.60917000E+02 1.65475600E-18
8.00334800E+02 1.55857700E-18
8.40750500E+02 1.46705400E-18
8.82164100E+02 1.39016900E-18
9.24575600E+02 1.30834900E-18
9.67985100E+02 1.23666000E-18
1.01239200E+03 1.18375800E-18
1.05779800E+03 1.12247200E-18
1.10420100E+03 1.07420400E-18
1.15160200E+03 1.00247600E-18
1.20000100E+03 9.40955100E-19
-----------------------

C31 O2 Excitation 0.19 eV (1/s)
-----------------------
2.00000200E+00 3.01031200E-16
2.49896100E+00 3.57037800E-16
3.99583900E+00 4.00814300E-16
6.49063500E+00 3.66424100E-16
9.98335000E+00 3.29149500E-16
1.44739800E+01 3.05004800E-16
1.99625300E+01 2.90168200E-16
2.64490000E+01 2.79516100E-16
3.39333900E+01 2.68587400E-16
4.24157000E+01 2.59905300E-16
5.18959300E+01 2.46073200E-16
6.23740700E+01 2.26377200E-16
7.38501300E+01 2.03701300E-16
8.63241100E+01 1.77697600E-16
9.97960100E+01 1.53179700E-16
1.14265800E+02 1.31180100E-16
1.29733600E+02 1.11797700E-16
1.46199200E+02 9.58508500E-17
1.63662800E+02 8.25090200E-17
1.82124300E+02 7.19103400E-17
2.01583700E+02 6.30628000E-17
2.22041000E+02 5.56437700E-17
2.43496300E+02 4.96056000E-17
2.65949400E+02 4.46871600E-17
2.89400500E+02 4.00127300E-17
3.13849500E+02 3.67676200E-17
3.39296400E+02 3.34005700E-17
3.65741300E+02 3.07903300E-17
3.93184000E+02 2.81244300E-17
4.21624700E+02 2.59588100E-17
4.51063300E+02 2.41166100E-17
4.81499800E+02 2.23714700E-17
5.12934300E+02 2.06636200E-17
5.45366600E+02 1.95479400E-17
5.78796900E+02 1.81060300E-17
6.13225100E+02 1.69208100E-17
6.48651200E+02 1.57342500E-17
6.85075200E+02 1.50956700E-17
7.22497100E+02 1.41305600E-17
7.60917000E+02 1.35287300E-17
8.00334800E+02 1.25819800E-17
8.40750500E+02 1.17774900E-17
8.82164100E+02 1.11268800E-17
9.24575600E+02 1.04639700E-17
9.67985100E+02 9.93991900E-18
1.01239200E+03 9.54807600E-18
1.05779800E+03 8.98344400E-18
1.10420100E+03 8.56482900E-18
1.15160200E+03 8.13869500E-18
1.20000100E+03 7.50344900E-18
-----------------------

C32 O2 Excitation 4.00 eV (1/s)
-----------------------
2.00000200E+00 0.00000000E+00
2.49896100E+00 0.00000000E+00
3.99583900E+00 0.00000000E+00
6.49063500E+00 0.00000000E+00
9.98335000E+00 0.00000000E+00
1.44739800E+01 0.00000000E+00
1.99625300E+01 1.51205800E-20
2.64490000E+01 1.43439900E-19
3.39333900E+01 1.41071400E-18
4.24157000E+01 9.12625400E-18
5.18959300E+01 3.48504500E-17
6.23740700E+01 9.18776600E-17
7.38501300E+01 1.84704100E-16
8.63241100E+01 3.14319300E-16
9.97960100E+01 4.64909800E-16
1.14265800E+02 6.21179800E-16
1.29733600E+02 7.76025400E-16
1.46199200E+02 9.17749600E-16
1.63662800E+02 1.04488400E-15
1.82124300E+02 1.15689900E-15
2.01583700E+02 1.25415800E-15
2.22041000E+02 1.33565100E-15
2.43496300E+02 1.40514100E-15
2.65949400E+02 1.45829800E-15
2.89400500E+02 1.50214500E-15
3.13849500E+02 1.54007500E-15
3.39296400E+02 1.56508500E-15
3.65741300E+02 1.58680200E-15
3.93184000E+02 1.60060200E-15
4.21624700E+02 1.60698300E-15
4.51063300E+02 1.60938200E-15
4.81499800E+02 1.60403000E-15
5.12934300E+02 1.60047200E-15
5.45366600E+02 1.58997800E-15
5.78796900E+02 1.57720300E-15
6.13225100E+02 1.56153600E-15
6.48651200E+02 1.54496300E-15
6.85075200E+02 1.52201300E-15
7.22497100E+02 1.50114000E-15
7.60917000E+02 1.47951700E-15
8.00334800E+02 1.45662500E-15
8.40750500E+02 1.42858200E-15
8.82164100E+02 1.40466200E-15
9.24575600E+02 1.37889100E-15
9.67985100E+02 1.35295900E-15
1.01239200E+03 1.32707000E-15
1.05779800E+03 1.29980700E-15
1.10420100E+03 1.27165700E-15
1.15160200E+03 1.24290800E-15
1.20000100E+03 1.21691800E-15
-----------------------

C33 O2 Excitation 0.56 eV (1/s)
-----------------------
2.00000200E+00 3.87477600E-17
2.49896100E+00 6.22253600E-17
3.99583900E+00 1.08292400E-16
6.49063500E+00 1.25285300E-16
9.98335000E+00 1.24345900E-16
1.44739800E+01 1.20524800E-16
1.99625300E+01 1.16447900E-16
2.64490000E+01 1.13425500E-16
3.39333900E+01 1.09241000E-16
4.24157000E+01 1.05966200E-16
5.18959300E+01 1.00438200E-16
6.23740700E+01 9.25915400E-17
7.38501300E+01 8.37219300E-17
8.63241100E+01 7.30410600E-17
9.97960100E+01 6.30128100E-17
1.14265800E+02 5.39333600E-17
1.29733600E+02 4.60419200E-17
1.46199200E+02 3.95143600E-17
1.63662800E+02 3.40253300E-17
1.82124300E+02 2.96586400E-17
2.01583700E+02 2.60655000E-17
2.22041000E+02 2.30439000E-17
2.43496300E+02 2.04589400E-17
2.65949400E+02 1.84553100E-17
2.89400500E+02 1.65825000E-17
3.13849500E+02 1.52367200E-17
3.39296400E+02 1.38526100E-17
3.65741300E+02 1.27552600E-17
3.93184000E+02 1.16985700E-17
4.21624700E+02 1.07635200E-17
4.51063300E+02 1.00750100E-17
4.81499800E+02 9.29580600E-18
5.12934300E+02 8.58753500E-18
5.45366600E+02 8.04328600E-18
5.78796900E+02 7.57904300E-18
6.13225100E+02 7.09261400E-18
6.48651200E+02 6.52263000E-18
6.85075200E+02 6.27222700E-18
7.22497100E+02 5.87297000E-18
7.60917000E+02 5.56506800E-18
8.00334800E+02 5.24782700E-18
8.40750500E+02 4.92140500E-18
8.82164100E+02 4.64804000E-18
9.24575600E+02 4.35071100E-18
9.67985100E+02 4.13347300E-18
1.01239200E+03 3.96968500E-18
1.05779800E+03 3.73967600E-18
1.10420100E+03 3.59034600E-18
1.15160200E+03 3.32631200E-18
1.20000100E+03 3.15918500E-18
-----------------------

C34 O2 Excitation 4.00 eV (1/s)
-----------------------
2.00000200E+00 0.00000000E+00
2.49896100E+00 0.00000000E+00
3.99583900E+00 0.00000000E+00
6.49063500E+00 0.00000000E+00
9.98335000E+00 0.00000000E+00
1.44739800E+01 0.00000000E+00
1.99625300E+01 6.32677400E-21
2.64490000E+01 6.40877300E-20
3.39333900E+01 6.33131000E-19
4.24157000E+01 4.07601000E-18
5.18959300E+01 1.55047900E-17
6.23740700E+01 4.08609500E-17
7.38501300E+01 8.20883000E-17
8.63241100E+01 1.39856200E-16
9.97960100E+01 2.07059500E-16
1.14265800E+02 2.77094600E-16
1.29733600E+02 3.46587800E-16
1.46199200E+02 4.10399500E-16
1.63662800E+02 4.67742500E-16
1.82124300E+02 5.18334100E-16
2.01583700E+02 5.62349300E-16
2.22041000E+02 5.99308700E-16
2.43496300E+02 6.30760400E-16
2.65949400E+02 6.54902200E-16
2.89400500E+02 6.74802900E-16
3.13849500E+02 6.92005200E-16
3.39296400E+02 7.03505200E-16
3.65741300E+02 7.13352000E-16
3.93184000E+02 7.19562200E-16
4.21624700E+02 7.22440000E-16
4.51063300E+02 7.23712700E-16
4.81499800E+02 7.21249300E-16
5.12934300E+02 7.19827300E-16
5.45366600E+02 7.15189500E-16
5.78796900E+02 7.09388900E-16
6.13225100E+02 7.02477600E-16
6.48651200E+02 6.95162600E-16
6.85075200E+02 6.84846500E-16
7.22497100E+02 6.75384800E-16
7.60917000E+02 6.65686400E-16
8.00334800E+02 6.55481700E-16
8.40750500E+02 6.42862900E-16
8.82164100E+02 6.32201600E-16
9.24575600E+02 6.20640500E-16
9.67985100E+02 6.09001300E-16
1.01239200E+03 5.97389400E-16
1.05779800E+03 5.85164300E-16
1.10420100E+03 5.72549500E-16
1.15160200E+03 5.59635600E-16
1.20000100E+03 5.48018600E-16
-----------------------

C35 O2 Excitation 0.68 eV (1/s)
-----------------------
2.00000200E+00 4.00528800E-18
2.49896100E+00 8.66563900E-18
3.99583900E+00 2.24079300E-17
6.49063500E+00 3.22614600E-17
9.98335000E+00 3.52897700E-17
1.44739800E+01 3.57051000E-17
1.99625300E+01 3.52164100E-17
2.64490000E+01 3.45808600E-17
3.39333900E+01 3.37417600E-17
4.24157000E+01 3.41411300E-17
5.18959300E+01 3.77193800E-17
6.23740700E+01 4.76869700E-17
7.38501300E+01 6.59898200E-17
8.63241100E+01 9.26987200E-17
9.97960100E+01 1.25679800E-16
1.14265800E+02 1.61467600E-16
1.29733600E+02 1.98067400E-16
1.46199200E+02 2.32651600E-16
1.63662800E+02 2.64331800E-16
1.82124300E+02 2.92984800E-16
2.01583700E+02 3.18224400E-16
2.22041000E+02 3.39757100E-16
2.43496300E+02 3.58072000E-16
2.65949400E+02 3.72412400E-16
2.89400500E+02 3.84124900E-16
3.13849500E+02 3.94570000E-16
3.39296400E+02 4.01481200E-16
3.65741300E+02 4.07245300E-16
3.93184000E+02 4.11013900E-16
4.21624700E+02 4.12482800E-16
4.51063300E+02 4.13407300E-16
4.81499800E+02 4.11608300E-16
5.12934300E+02 4.10462100E-16
5.45366600E+02 4.07556900E-16
5.78796900E+02 4.03879600E-16
6.13225100E+02 3.99363200E-16
6.48651200E+02 3.94821400E-16
6.85075200E+02 3.88360200E-16
7.22497100E+02 3.82267000E-16
7.60917000E+02 3.76268400E-16
8.00334800E+02 3.69833700E-16
8.40750500E+02 3.62032800E-16
8.82164100E+02 3.55366300E-16
9.24575600E+02 3.48187200E-16
9.67985100E+02 3.41009000E-16
1.01239200E+03 3.33836300E-16
1.05779800E+03 3.26342700E-16
1.10420100E+03 3.18558600E-16
1.15160200E+03 3.10688200E-16
1.20000100E+03 3.03546500E-16
-----------------------

C36 O2 Excitation 0.79 eV (1/s)
-----------------------
2.00000200E+00 4.48007600E-19
2.49896100E+00 1.19761900E-18
3.99583900E+00 4.38425000E-18
6.49063500E+00 8.00707700E-18
9.98335000E+00 9.92399200E-18
1.44739800E+01 1.06139800E-17
1.99625300E+01 1.08050600E-17
2.64490000E+01 1.07803500E-17
3.39333900E+01 1.07044700E-17
4.24157000E+01 1.12111000E-17
5.18959300E+01 1.37128600E-17
6.23740700E+01 2.00371500E-17
7.38501300E+01 3.12855600E-17
8.63241100E+01 4.75889800E-17
9.97960100E+01 6.75443500E-17
1.14265800E+02 8.90079700E-17
1.29733600E+02 1.10828700E-16
1.46199200E+02 1.31276600E-16
1.63662800E+02 1.49867000E-16
1.82124300E+02 1.66501800E-16
2.01583700E+02 1.81031200E-16
2.22041000E+02 1.93218200E-16
2.43496300E+02 2.03512300E-16
2.65949400E+02 2.11384800E-16
2.89400500E+02 2.17700400E-16
3.13849500E+02 2.23206500E-16
3.39296400E+02 2.26705400E-16
3.65741300E+02 2.29514700E-16
3.93184000E+02 2.31181900E-16
4.21624700E+02 2.31611700E-16
4.51063300E+02 2.31603300E-16
4.81499800E+02 2.30161100E-16
5.12934300E+02 2.29074600E-16
5.45366600E+02 2.27051500E-16
5.78796900E+02 2.24550600E-16
6.13225100E+02 2.21655200E-16
6.48651200E+02 2.18712500E-16
6.85075200E+02 2.14753800E-16
7.22497100E+02 2.11048800E-16
7.60917000E+02 2.07440200E-16
8.00334800E+02 2.03583600E-16
8.40750500E+02 1.98960100E-16
8.82164100E+02 1.94975600E-16
9.24575600E+02 1.90753100E-16
9.67985100E+02 1.86552200E-16
1.01239200E+03 1.82403800E-16
1.05779800E+03 1.78122600E-16
1.10420100E+03 1.73648900E-16
1.15160200E+03 1.69139200E-16
1.20000100E+03 1.65056700E-16
-----------------------

C37 O2 Excitation 0.98 eV (1/s)
-----------------------
2.00000200E+00 3.30292000E-19
2.49896100E+00 9.92785800E-19
3.99583900E+00 4.53806000E-18
6.49063500E+00 1.03756800E-17
9.98335000E+00 1.54426000E-17
1.44739800E+01 1.91805900E-17
1.99625300E+01 2.23234500E-17
2.64490000E+01 2.53712000E-17
3.39333900E+01 3.00488800E-17
4.24157000E+01 4.05795600E-17
5.18959300E+01 6.51216400E-17
6.23740700E+01 1.10931800E-16
7.38501300E+01 1.75504100E-16
8.63241100E+01 2.58981500E-16
9.97960100E+01 3.47582600E-16
1.14265800E+02 4.33382200E-16
1.29733600E+02 5.13454400E-16
1.46199200E+02 5.83293900E-16
1.63662800E+02 6.43838900E-16
1.82124300E+02 6.95342300E-16
2.01583700E+02 7.39834300E-16
2.22041000E+02 7.76792600E-16
2.43496300E+02 8.09127900E-16
2.65949400E+02 8.34743300E-16
2.89400500E+02 8.57398900E-16
3.13849500E+02 8.76906800E-16
3.39296400E+02 8.92146000E-16
3.65741300E+02 9.06627600E-16
3.93184000E+02 9.17990000E-16
4.21624700E+02 9.27273800E-16
4.51063300E+02 9.34455800E-16
4.81499800E+02 9.39341900E-16
5.12934300E+02 9.45016200E-16
5.45366600E+02 9.47668100E-16
5.78796900E+02 9.49674300E-16
6.13225100E+02 9.50712200E-16
6.48651200E+02 9.50903700E-16
6.85075200E+02 9.49067800E-16
7.22497100E+02 9.47960800E-16
7.60917000E+02 9.45603500E-16
8.00334800E+02 9.43333800E-16
8.40750500E+02 9.38927800E-16
8.82164100E+02 9.35638900E-16
9.24575600E+02 9.31839600E-16
9.67985100E+02 9.27601600E-16
1.01239200E+03 9.23112000E-16
1.05779800E+03 9.17725300E-16
1.10420100E+03 9.12375200E-16
1.15160200E+03 9.06674900E-16
1.20000100E+03 9.01843300E-16
-----------------------

C38 O2 Excitation 1.63 eV (1/s)
-----------------------
2.00000200E+00 2.04193500E-22
2.49896100E+00 1.64374600E-21
3.99583900E+00 3.10749600E-20
6.49063500E+00 1.75328300E-19
9.98335000E+00 4.34470700E-19
1.44739800E+01 7.54443600E-19
1.99625300E+01 1.13986600E-18
2.64490000E+01 1.63790800E-18
3.39333900E+01 2.57881300E-18
4.24157000E+01 5.02970900E-18
5.18959300E+01 1.08500300E-17
6.23740700E+01 2.17747400E-17
7.38501300E+01 3.71518500E-17
8.63241100E+01 5.70146400E-17
9.97960100E+01 7.80865800E-17
1.14265800E+02 9.85526400E-17
1.29733600E+02 1.17695000E-16
1.46199200E+02 1.34547400E-16
1.63662800E+02 1.49321300E-16
1.82124300E+02 1.62115800E-16
2.01583700E+02 1.73426800E-16
2.22041000E+02 1.83154800E-16
2.43496300E+02 1.91898700E-16
2.65949400E+02 1.99236300E-16
2.89400500E+02 2.05994900E-16
3.13849500E+02 2.12100500E-16
3.39296400E+02 2.17355500E-16
3.65741300E+02 2.22419200E-16
3.93184000E+02 2.26852700E-16
4.21624700E+02 2.30765900E-16
4.51063300E+02 2.34323900E-16
4.81499800E+02 2.37151700E-16
5.12934300E+02 2.40184600E-16
5.45366600E+02 2.42443200E-16
5.78796900E+02 2.44517600E-16
6.13225100E+02 2.46179400E-16
6.48651200E+02 2.47698300E-16
6.85075200E+02 2.48538100E-16
7.22497100E+02 2.49449600E-16
7.60917000E+02 2.49795400E-16
8.00334800E+02 2.50224000E-16
8.40750500E+02 2.49873500E-16
8.82164100E+02 2.49787300E-16
9.24575600E+02 2.49411800E-16
9.67985100E+02 2.48741700E-16
1.01239200E+03 2.47947300E-16
1.05779800E+03 2.46701600E-16
1.10420100E+03 2.45426900E-16
1.15160200E+03 2.43881600E-16
1.20000100E+03 2.42425600E-16
-----------------------

C39 O2 Excitation 4.50 eV (1/s)
-----------------------
2.00000200E+00 0.00000000E+00
2.49896100E+00 0.00000000E+00
3.99583900E+00 0.00000000E+00
6.49063500E+00 0.00000000E+00
9.98335000E+00 0.00000000E+00
1.44739800E+01 0.00000000E+00
1.99625300E+01 8.05589500E-21
2.64490000E+01 6.57272200E-20
3.39333900E+01 6.53772800E-19
4.24157000E+01 4.14608700E-18
5.18959300E+01 1.56243600E-17
6.23740700E+01 4.05487600E-17
7.38501300E+01 8.03278400E-17
8.63241100E+01 1.34823400E-16
9.97960100E+01 1.96647700E-16
1.14265800E+02 2.58951600E-16
1.29733600E+02 3.19392500E-16
1.46199200E+02 3.72879700E-16
1.63662800E+02 4.19474800E-16
1.82124300E+02 4.58983100E-16
2.01583700E+02 4.91962000E-16
2.22041000E+02 5.18031700E-16
2.43496300E+02 5.39577400E-16
2.65949400E+02 5.54310100E-16
2.89400500E+02 5.65593500E-16
3.13849500E+02 5.74316200E-16
3.39296400E+02 5.78002900E-16
3.65741300E+02 5.81133600E-16
3.93184000E+02 5.81000200E-16
4.21624700E+02 5.78965800E-16
4.51063300E+02 5.74416300E-16
4.81499800E+02 5.68380700E-16
5.12934300E+02 5.62812500E-16
5.45366600E+02 5.54833300E-16
5.78796900E+02 5.46371600E-16
6.13225100E+02 5.37289000E-16
6.48651200E+02 5.27199900E-16
6.85075200E+02 5.15927200E-16
7.22497100E+02 5.05681500E-16
7.60917000E+02 4.95339600E-16
8.00334800E+02 4.84540600E-16
8.40750500E+02 4.72288300E-16
8.82164100E+02 4.61524900E-16
9.24575600E+02 4.50222200E-16
9.67985100E+02 4.39164800E-16
1.01239200E+03 4.28452300E-16
1.05779800E+03 4.17346600E-16
1.10420100E+03 4.06202700E-16
1.15160200E+03 3.94697100E-16
1.20000100E+03 3.84523000E-16
-----------------------

C40 O2 Excitation 6.00 eV (1/s)
-----------------------
2.00000200E+00 0.00000000E+00
2.49896100E+00 0.00000000E+00
3.99583900E+00 0.00000000E+00
6.49063500E+00 0.00000000E+00
9.98335000E+00 0.00000000E+00
1.44739800E+01 0.00000000E+00
1.99625300E+01 1.09140500E-20
2.64490000E+01 8.92858500E-20
3.39333900E+01 7.88737200E-19
4.24157000E+01 5.61747400E-18
5.18959300E+01 2.30853800E-17
6.23740700E+01 6.37255900E-17
7.38501300E+01 1.34103200E-16
8.63241100E+01 2.35328900E-16
9.97960100E+01 3.58996800E-16
1.14265800E+02 4.93121700E-16
1.29733600E+02 6.31529700E-16
1.46199200E+02 7.64477800E-16
1.63662800E+02 8.89070300E-16
1.82124300E+02 1.00525200E-15
2.01583700E+02 1.11162200E-15
2.22041000E+02 1.20713100E-15
2.43496300E+02 1.29268100E-15
2.65949400E+02 1.36574700E-15
2.89400500E+02 1.43092500E-15
3.13849500E+02 1.49264300E-15
3.39296400E+02 1.54303300E-15
3.65741300E+02 1.58918000E-15
3.93184000E+02 1.63032300E-15
4.21624700E+02 1.66128300E-15
4.51063300E+02 1.69318300E-15
4.81499800E+02 1.71273400E-15
5.12934300E+02 1.73460400E-15
5.45366600E+02 1.75017400E-15
5.78796900E+02 1.76313500E-15
6.13225100E+02 1.77087300E-15
6.48651200E+02 1.78061900E-15
6.85075200E+02 1.78106700E-15
7.22497100E+02 1.78188300E-15
7.60917000E+02 1.78101700E-15
8.00334800E+02 1.77988600E-15
8.40750500E+02 1.77239900E-15
8.82164100E+02 1.76742100E-15
9.24575600E+02 1.76094100E-15
9.67985100E+02 1.75262300E-15
1.01239200E+03 1.74334200E-15
1.05779800E+03 1.73142900E-15
1.10420100E+03 1.71800000E-15
1.15160200E+03 1.70473100E-15
1.20000100E+03 1.69150200E-15
-----------------------

C41 O2 Excitation 8.40 eV (1/s)
-----------------------
2.00000200E+00 0.00000000E+00
2.49896100E+00 0.00000000E+00
3.99583900E+00 0.00000000E+00
6.49063500E+00 0.00000000E+00
9.98335000E+00 0.00000000E+00
1.44739800E+01 0.00000000E+00
1.99625300E+01 0.00000000E+00
2.64490000E+01 2.98197500E-20
3.39333900E+01 3.51077900E-19
4.24157000E+01 4.75063700E-18
5.18959300E+01 2.51010400E-17
6.23740700E+01 8.44642400E-17
7.38501300E+01 2.10554600E-16
8.63241100E+01 4.21424700E-16
9.97960100E+01 7.20927400E-16
1.14265800E+02 1.10347900E-15
1.29733600E+02 1.54831200E-15
1.46199200E+02 2.04067000E-15
1.63662800E+02 2.55960300E-15
1.82124300E+02 3.11044100E-15
2.01583700E+02 3.67858700E-15
2.22041000E+02 4.26749600E-15
2.43496300E+02 4.84542500E-15
2.65949400E+02 5.42064100E-15
2.89400500E+02 5.99595700E-15
3.13849500E+02 6.58876100E-15
3.39296400E+02 7.17904900E-15
3.65741300E+02 7.74537000E-15
3.93184000E+02 8.33662600E-15
4.21624700E+02 8.86926700E-15
4.51063300E+02 9.47933200E-15
4.81499800E+02 9.99632400E-15
5.12934300E+02 1.05374300E-14
5.45366600E+02 1.10767400E-14
5.78796900E+02 1.16065500E-14
6.13225100E+02 1.20982700E-14
6.48651200E+02 1.26376300E-14
6.85075200E+02 1.31134800E-14
7.22497100E+02 1.35691500E-14
7.60917000E+02 1.40226500E-14
8.00334800E+02 1.45011400E-14
8.40750500E+02 1.49566300E-14
8.82164100E+02 1.53751500E-14
9.24575600E+02 1.58175200E-14
9.67985100E+02 1.62331500E-14
1.01239200E+03 1.66278400E-14
1.05779800E+03 1.70204100E-14
1.10420100E+03 1.73872900E-14
1.15160200E+03 1.77847100E-14
1.20000100E+03 1.81423200E-14
-----------------------

C42 O2 Excitation 10.00 eV (1/s)
-----------------------
2.00000200E+00 0.00000000E+00
2.49896100E+00 0.00000000E+00
3.99583900E+00 0.00000000E+00
6.49063500E+00 0.00000000E+00
9.98335000E+00 0.00000000E+00
1.44739800E+01 0.00000000E+00
1.99625300E+01 0.00000000E+00
2.64490000E+01 0.00000000E+00
3.39333900E+01 1.61239400E-23
4.24157000E+01 1.88635400E-21
5.18959300E+01 1.24222100E-20
6.23740700E+01 5.52559300E-20
7.38501300E+01 1.85056900E-19
8.63241100E+01 4.56573600E-19
9.97960100E+01 9.48283700E-19
1.14265800E+02 1.75419400E-18
1.29733600E+02 2.90254400E-18
1.46199200E+02 4.47200200E-18
1.63662800E+02 6.44722300E-18
1.82124300E+02 8.95385000E-18
2.01583700E+02 1.19979000E-17
2.22041000E+02 1.57151300E-17
2.43496300E+02 1.99254700E-17
2.65949400E+02 2.47892800E-17
2.89400500E+02 3.02871700E-17
3.13849500E+02 3.65451700E-17
3.39296400E+02 4.36438100E-17
3.65741300E+02 5.12428800E-17
3.93184000E+02 6.00220800E-17
4.21624700E+02 6.93406500E-17
4.51063300E+02 8.03336300E-17
4.81499800E+02 9.13380000E-17
5.12934300E+02 1.03041000E-16
5.45366600E+02 1.16441700E-16
5.78796900E+02 1.30394400E-16
6.13225100E+02 1.45076100E-16
6.48651200E+02 1.61068000E-16
6.85075200E+02 1.78222300E-16
7.22497100E+02 1.94851800E-16
7.60917000E+02 2.13879500E-16
8.00334800E+02 2.33985900E-16
8.40750500E+02 2.56777600E-16
8.82164100E+02 2.76418300E-16
9.24575600E+02 2.99824500E-16
9.67985100E+02 3.23749500E-16
1.01239200E+03 3.47521800E-16
1.05779800E+03 3.73538100E-16
1.10420100E+03 3.99028100E-16
1.15160200E+03 4.27955100E-16
1.20000100E+03 4.55754900E-16
-----------------------

C43 O2 Ionization 12.06 eV (1/s)
-----------------------
2.00000200E+00 0.00000000E+00
2.49896100E+00 0.00000000E+00
3.99583900E+00 0.00000000E+00
6.49063500E+00 0.00000000E+00
9.98335000E+00 0.00000000E+00
1.44739800E+01 0.00000000E+00
1.99625300E+01 0.00000000E+00
2.64490000E+01 0.00000000E+00
3.39333900E+01 0.00000000E+00
4.24157000E+01 2.55502900E-21
5.18959300E+01 2.49701600E-20
6.23740700E+01 1.75961900E-19
7.38501300E+01 8.19223900E-19
8.63241100E+01 2.42957500E-18
9.97960100E+01 6.27493400E-18
1.14265800E+02 1.39866400E-17
1.29733600E+02 2.67429800E-17
1.46199200E+02 4.69999500E-17
1.63662800E+02 7.55200600E-17
1.82124300E+02 1.15607100E-16
2.01583700E+02 1.69125400E-16
2.22041000E+02 2.40008500E-16
2.43496300E+02 3.26587200E-16
2.65949400E+02 4.33106700E-16
2.89400500E+02 5.59811800E-16
3.13849500E+02 7.11023400E-16
3.39296400E+02 8.90737900E-16
3.65741300E+02 1.09093000E-15
3.93184000E+02 1.33035500E-15
4.21624700E+02 1.59647500E-15
4.51063300E+02 1.91529300E-15
4.81499800E+02 2.24621300E-15
5.12934300E+02 2.60124500E-15
5.45366600E+02 3.02176900E-15
5.78796900E+02 3.46332200E-15
6.13225100E+02 3.93946500E-15
6.48651200E+02 4.45907700E-15
6.85075200E+02 5.03155100E-15
7.22497100E+02 5.58815100E-15
7.60917000E+02 6.24084200E-15
8.00334800E+02 6.93094700E-15
8.40750500E+02 7.72674400E-15
8.82164100E+02 8.41229000E-15
9.24575600E+02 9.23559700E-15
9.67985100E+02 1.00880000E-14
1.01239200E+03 1.09425600E-14
1.05779800E+03 1.18851300E-14
1.10420100E+03 1.28145000E-14
1.15160200E+03 1.38737400E-14
1.20000100E+03 1.49063500E-14
-----------------------

