Townsend ioniz. coef. alpha/N (m2)
AIR
COMMENT: generated by bolsig_convert.py
-----------------------
1.000000000000000056e-01 0.000000000000000000e+00
1.097000000000000058e-01 0.000000000000000000e+00
1.204999999999999960e-01 0.000000000000000000e+00
1.322000000000000119e-01 0.000000000000000000e+00
1.451000000000000068e-01 0.000000000000000000e+00
1.592000000000000082e-01 0.000000000000000000e+00
1.748000000000000109e-01 0.000000000000000000e+00
1.917999999999999983e-01 0.000000000000000000e+00
2.104999999999999927e-01 0.000000000000000000e+00
2.310000000000000109e-01 0.000000000000000000e+00
2.535000000000000031e-01 0.000000000000000000e+00
2.782999999999999918e-01 0.000000000000000000e+00
3.054000000000000048e-01 0.000000000000000000e+00
3.351999999999999980e-01 0.000000000000000000e+00
3.678000000000000158e-01 0.000000000000000000e+00
4.037000000000000033e-01 0.000000000000000000e+00
4.430999999999999939e-01 0.000000000000000000e+00
4.863000000000000100e-01 0.000000000000000000e+00
5.336999999999999522e-01 0.000000000000000000e+00
5.856999999999999984e-01 0.000000000000000000e+00
6.428000000000000380e-01 0.000000000000000000e+00
7.055000000000000160e-01 0.000000000000000000e+00
7.742999999999999883e-01 0.000000000000000000e+00
8.497999999999999998e-01 0.000000000000000000e+00
9.325999999999999845e-01 0.000000000000000000e+00
1.024000000000000021e+00 0.000000000000000000e+00
1.122999999999999998e+00 0.000000000000000000e+00
1.233000000000000096e+00 0.000000000000000000e+00
1.352999999999999980e+00 0.000000000000000000e+00
1.485000000000000098e+00 0.000000000000000000e+00
1.629999999999999893e+00 0.000000000000000000e+00
1.788999999999999924e+00 0.000000000000000000e+00
1.963000000000000078e+00 0.000000000000000000e+00
2.153999999999999915e+00 0.000000000000000000e+00
2.363999999999999879e+00 0.000000000000000000e+00
2.595000000000000195e+00 0.000000000000000000e+00
2.847999999999999865e+00 0.000000000000000000e+00
3.125999999999999890e+00 0.000000000000000000e+00
3.430000000000000160e+00 0.000000000000000000e+00
3.765000000000000124e+00 0.000000000000000000e+00
4.131999999999999673e+00 0.000000000000000000e+00
4.535000000000000142e+00 0.000000000000000000e+00
4.977000000000000313e+00 0.000000000000000000e+00
5.461999999999999744e+00 0.000000000000000000e+00
5.995000000000000107e+00 0.000000000000000000e+00
6.578999999999999737e+00 0.000000000000000000e+00
7.221000000000000085e+00 0.000000000000000000e+00
7.924999999999999822e+00 0.000000000000000000e+00
8.696999999999999176e+00 0.000000000000000000e+00
9.544999999999999929e+00 0.000000000000000000e+00
1.048000000000000043e+01 0.000000000000000000e+00
1.150000000000000000e+01 0.000000000000000000e+00
1.261999999999999922e+01 0.000000000000000000e+00
1.384999999999999964e+01 0.000000000000000000e+00
1.519999999999999929e+01 0.000000000000000000e+00
1.667999999999999972e+01 0.000000000000000000e+00
1.830999999999999872e+01 0.000000000000000000e+00
2.008999999999999986e+01 0.000000000000000000e+00
2.205000000000000071e+01 1.099000000000000064e-32
2.419999999999999929e+01 1.396000000000000004e-31
2.655999999999999872e+01 1.494999999999999984e-30
2.914999999999999858e+01 1.174000000000000070e-29
3.198999999999999844e+01 7.407999999999999721e-29
3.510999999999999943e+01 3.850000000000000041e-28
3.853999999999999915e+01 1.661000000000000133e-27
4.228999999999999915e+01 6.085000000000000277e-27
4.642000000000000171e+01 1.924000000000000120e-26
5.093999999999999773e+01 5.356999999999999526e-26
5.590999999999999659e+01 1.339000000000000112e-25
6.135999999999999943e+01 3.059000000000000063e-25
6.734000000000000341e+01 6.507999999999999941e-25
7.390999999999999659e+01 1.306999999999999973e-24
8.110999999999999943e+01 2.509999999999999873e-24
8.901999999999999602e+01 4.640000000000000087e-24
9.770000000000000284e+01 8.309999999999999614e-24
1.072000000000000028e+02 1.447000000000000127e-23
1.177000000000000028e+02 2.454999999999999918e-23
1.291999999999999886e+02 4.063000000000000067e-23
1.416999999999999886e+02 6.563000000000000189e-23
1.555999999999999943e+02 1.035999999999999976e-22
1.706999999999999886e+02 1.599000000000000109e-22
1.874000000000000057e+02 2.416000000000000095e-22
2.056999999999999886e+02 3.574000000000000034e-22
2.256999999999999886e+02 5.178000000000000459e-22
2.476999999999999886e+02 7.352999999999999877e-22
2.718999999999999773e+02 1.023999999999999922e-21
2.983999999999999773e+02 1.398999999999999958e-21
3.275000000000000000e+02 1.875000000000000179e-21
3.593999999999999773e+02 2.465999999999999968e-21
3.943999999999999773e+02 3.186000000000000022e-21
4.328999999999999773e+02 4.044000000000000158e-21
4.751000000000000227e+02 5.045999999999999628e-21
5.213999999999999773e+02 6.197000000000000252e-21
5.722000000000000455e+02 7.494999999999999648e-21
6.280000000000000000e+02 8.937999999999999946e-21
6.892999999999999545e+02 1.051999999999999926e-20
7.565000000000000000e+02 1.222000000000000002e-20
8.302000000000000455e+02 1.404999999999999999e-20
9.112000000000000455e+02 1.597000000000000114e-20
1.000000000000000000e+03 1.798999999999999958e-20
-----------------------
