# Generated by swarm_to_lfa.py
# Date: 02/15/2021, 17:08:48
# First column:  Electric field / N (Td) 

# Guess for reaction list
reaction_list
-----------------------
# Ionization
e + N2 -> e + e + N2+,field_table,C46 N2 Ionization 15.58 eV (1/s)
e + O2 -> e + e + O2+,field_table,C61 O2 Ionization 12.07 eV (1/s)
# Attachment
e + O2 + O2 -> O2-,field_table,C47 O2 Attachment (1/s)
e + O2 -> O2-,field_table,C48 O2 Attachment (1/s)
-----------------------

Mean energy (eV)
-----------------------
2.07097500E+00 3.67400400E-01
2.44977500E+00 4.27416800E-01
2.89786000E+00 4.98586000E-01
3.42790400E+00 5.74886500E-01
4.05489700E+00 6.48641200E-01
4.79657400E+00 7.18384000E-01
5.67390900E+00 7.79080800E-01
6.71171600E+00 8.32250800E-01
7.93934700E+00 8.73200400E-01
9.39152300E+00 9.10662900E-01
1.11093100E+01 9.42755700E-01
1.31413100E+01 9.65567300E-01
1.55449600E+01 9.91567600E-01
1.83882700E+01 1.01174400E+00
2.17516500E+01 1.03173500E+00
2.57302200E+01 1.05452300E+00
3.04365000E+01 1.07719300E+00
3.60036000E+01 1.10852500E+00
4.25889700E+01 1.16640500E+00
5.03788600E+01 1.25990600E+00
5.95936000E+01 1.43615900E+00
7.04937800E+01 1.73172300E+00
8.33877100E+01 2.15253500E+00
9.86400500E+01 2.68901800E+00
1.16682200E+02 3.30294400E+00
1.38024400E+02 3.95225900E+00
1.63270200E+02 4.61762700E+00
1.93133800E+02 5.29364100E+00
2.28459600E+02 5.97763100E+00
2.70246900E+02 6.69829600E+00
3.19677400E+02 7.46887200E+00
3.78149200E+02 8.31345300E+00
4.47315900E+02 9.25361400E+00
5.29133900E+02 1.03029500E+01
6.25917100E+02 1.14673600E+01
7.40402800E+02 1.28654500E+01
8.75828900E+02 1.44782100E+01
1.03602600E+03 1.63526900E+01
1.22552400E+03 1.86456300E+01
1.44968300E+03 2.13966700E+01
-----------------------

Mobility *N (1/m/V/s)
-----------------------
2.07097500E+00 4.58805100E+24
2.44977500E+00 4.15476900E+24
2.89786000E+00 3.74483900E+24
3.42790400E+00 3.36590200E+24
4.05489700E+00 3.06978200E+24
4.79657400E+00 2.81671300E+24
5.67390900E+00 2.60861000E+24
6.71171600E+00 2.38804900E+24
7.93934700E+00 2.24521600E+24
9.39152300E+00 2.11056400E+24
1.11093100E+01 2.00236700E+24
1.31413100E+01 1.90064500E+24
1.55449600E+01 1.80716800E+24
1.83882700E+01 1.73183000E+24
2.17516500E+01 1.63912800E+24
2.57302200E+01 1.58279600E+24
3.04365000E+01 1.51711600E+24
3.60036000E+01 1.44815400E+24
4.25889700E+01 1.39953700E+24
5.03788600E+01 1.32752100E+24
5.95936000E+01 1.28327400E+24
7.04937800E+01 1.24123100E+24
8.33877100E+01 1.22233600E+24
9.86400500E+01 1.20274300E+24
1.16682200E+02 1.18616300E+24
1.38024400E+02 1.16893600E+24
1.63270200E+02 1.14102100E+24
1.93133800E+02 1.10737200E+24
2.28459600E+02 1.06756400E+24
2.70246900E+02 1.02067300E+24
3.19677400E+02 9.73369700E+23
3.78149200E+02 9.21169400E+23
4.47315900E+02 8.70045100E+23
5.29133900E+02 8.17974400E+23
6.25917100E+02 7.64201300E+23
7.40402800E+02 7.14379900E+23
8.75828900E+02 6.68206600E+23
1.03602600E+03 6.23094800E+23
1.22552400E+03 5.84197800E+23
1.44968300E+03 5.44929400E+23
-----------------------

Bulk mobility *N (1/m/V/s)
-----------------------
2.07097500E+00 4.59692300E+24
2.44977500E+00 4.15122200E+24
2.89786000E+00 3.74685000E+24
3.42790400E+00 3.37949800E+24
4.05489700E+00 3.07427000E+24
4.79657400E+00 2.82171100E+24
5.67390900E+00 2.60006000E+24
6.71171600E+00 2.38272400E+24
7.93934700E+00 2.24303100E+24
9.39152300E+00 2.11269600E+24
1.11093100E+01 2.00839600E+24
1.31413100E+01 1.89645900E+24
1.55449600E+01 1.81107100E+24
1.83882700E+01 1.72947300E+24
2.17516500E+01 1.64285100E+24
2.57302200E+01 1.58184800E+24
3.04365000E+01 1.51901300E+24
3.60036000E+01 1.44749600E+24
4.25889700E+01 1.40214800E+24
5.03788600E+01 1.32635300E+24
5.95936000E+01 1.28283800E+24
7.04937800E+01 1.24218300E+24
8.33877100E+01 1.22324100E+24
9.86400500E+01 1.20500400E+24
1.16682200E+02 1.19245100E+24
1.38024400E+02 1.18095600E+24
1.63270200E+02 1.16246400E+24
1.93133800E+02 1.14097500E+24
2.28459600E+02 1.11414900E+24
2.70246900E+02 1.08475300E+24
3.19677400E+02 1.05277200E+24
3.78149200E+02 1.02028800E+24
4.47315900E+02 9.85967600E+23
5.29133900E+02 9.54315400E+23
6.25917100E+02 9.14041800E+23
7.40402800E+02 8.81350200E+23
8.75828900E+02 8.44688200E+23
1.03602600E+03 8.12584100E+23
1.22552400E+03 7.82031000E+23
1.44968300E+03 7.50207200E+23
-----------------------

Townsend ioniz. coef. alpha/N (m2)
-----------------------
2.07097500E+00 0.00000000E+00
2.44977500E+00 0.00000000E+00
2.89786000E+00 0.00000000E+00
3.42790400E+00 0.00000000E+00
4.05489700E+00 0.00000000E+00
4.79657400E+00 0.00000000E+00
5.67390900E+00 0.00000000E+00
6.71171600E+00 0.00000000E+00
7.93934700E+00 0.00000000E+00
9.39152300E+00 0.00000000E+00
1.11093100E+01 0.00000000E+00
1.31413100E+01 0.00000000E+00
1.55449600E+01 0.00000000E+00
1.83882700E+01 0.00000000E+00
2.17516500E+01 0.00000000E+00
2.57302200E+01 0.00000000E+00
3.04365000E+01 0.00000000E+00
3.60036000E+01 0.00000000E+00
4.25889700E+01 1.58869700E-26
5.03788600E+01 5.34976800E-26
5.95936000E+01 3.61205100E-25
7.04937800E+01 2.05689700E-24
8.33877100E+01 8.55896400E-24
9.86400500E+01 2.35585500E-23
1.16682200E+02 5.91764600E-23
1.38024400E+02 1.31968900E-22
1.63270200E+02 2.64592800E-22
1.93133800E+02 4.89846000E-22
2.28459600E+02 8.29741000E-22
2.70246900E+02 1.33588500E-21
3.19677400E+02 2.05258300E-21
3.78149200E+02 3.07913400E-21
4.47315900E+02 4.36622800E-21
5.29133900E+02 6.03615100E-21
6.25917100E+02 8.03208100E-21
7.40402800E+02 1.05725800E-20
8.75828900E+02 1.34930400E-20
1.03602600E+03 1.67852100E-20
1.22552400E+03 2.04996600E-20
1.44968300E+03 2.45587900E-20
-----------------------

Townsend attach. coef. eta/N (m2)
-----------------------
2.07097500E+00 2.74172200E-40
2.44977500E+00 2.40860800E-40
2.89786000E+00 2.08862300E-40
3.42790400E+00 1.79898500E-40
4.05489700E+00 1.52525900E-40
4.79657400E+00 1.28477100E-40
5.67390900E+00 1.07985600E-40
6.71171600E+00 9.26750200E-41
7.93934700E+00 7.85487300E-41
9.39152300E+00 6.70312200E-41
1.11093100E+01 5.70112600E-41
1.31413100E+01 4.92281600E-41
1.55449600E+01 4.22497100E-41
1.83882700E+01 3.62918100E-41
2.17516500E+01 3.16211500E-41
2.57302200E+01 3.35952800E-26
3.04365000E+01 1.43470300E-25
3.60036000E+01 3.76010700E-25
4.25889700E+01 1.46129600E-24
5.03788600E+01 3.69744200E-24
5.95936000E+01 8.16623900E-24
7.04937800E+01 1.46640600E-23
8.33877100E+01 2.17535600E-23
9.86400500E+01 2.81957700E-23
1.16682200E+02 3.25032700E-23
1.38024400E+02 3.41085900E-23
1.63270200E+02 3.38123700E-23
1.93133800E+02 3.19117800E-23
2.28459600E+02 2.92283900E-23
2.70246900E+02 2.61546300E-23
3.19677400E+02 2.30181600E-23
3.78149200E+02 2.00176500E-23
4.47315900E+02 1.71474200E-23
5.29133900E+02 1.45471400E-23
6.25917100E+02 1.23281800E-23
7.40402800E+02 1.03117400E-23
8.75828900E+02 8.47493600E-24
1.03602600E+03 6.95639300E-24
1.22552400E+03 5.61921600E-24
1.44968300E+03 4.49142300E-24
-----------------------

Flux L diffusion coef. *N (1/m/s)
-----------------------
2.07097500E+00 6.41535900E+23
2.44977500E+00 6.77834600E+23
2.89786000E+00 7.06481300E+23
3.42790400E+00 7.40762400E+23
4.05489700E+00 7.58295500E+23
4.79657400E+00 7.89082600E+23
5.67390900E+00 8.20741200E+23
6.71171600E+00 8.23884300E+23
7.93934700E+00 8.15578200E+23
9.39152300E+00 8.26554100E+23
1.11093100E+01 7.99728700E+23
1.31413100E+01 8.01507500E+23
1.55449600E+01 7.69528300E+23
1.83882700E+01 7.52134700E+23
2.17516500E+01 7.32387900E+23
2.57302200E+01 7.18132200E+23
3.04365000E+01 6.91986900E+23
3.60036000E+01 6.74268400E+23
4.25889700E+01 7.03924700E+23
5.03788600E+01 7.58609900E+23
5.95936000E+01 9.15006100E+23
7.04937800E+01 1.16156800E+24
8.33877100E+01 1.56187200E+24
9.86400500E+01 1.96576300E+24
1.16682200E+02 2.35368700E+24
1.38024400E+02 2.71952200E+24
1.63270200E+02 3.01573800E+24
1.93133800E+02 3.26649400E+24
2.28459600E+02 3.40211100E+24
2.70246900E+02 3.52710300E+24
3.19677400E+02 3.65240600E+24
3.78149200E+02 3.73708600E+24
4.47315900E+02 3.81520500E+24
5.29133900E+02 3.94301700E+24
6.25917100E+02 3.96570300E+24
7.40402800E+02 4.10184900E+24
8.75828900E+02 4.31320900E+24
1.03602600E+03 4.47773600E+24
1.22552400E+03 4.86797700E+24
1.44968300E+03 5.30380400E+24
-----------------------

Bulk L diffusion coef. *N (1/m/s)
-----------------------
2.07097500E+00 6.46858800E+23
2.44977500E+00 6.73171100E+23
2.89786000E+00 7.02140200E+23
3.42790400E+00 7.42290000E+23
4.05489700E+00 7.61367200E+23
4.79657400E+00 7.89745600E+23
5.67390900E+00 8.17122100E+23
6.71171600E+00 8.25931000E+23
7.93934700E+00 8.13708600E+23
9.39152300E+00 8.28248200E+23
1.11093100E+01 8.02491600E+23
1.31413100E+01 7.96597800E+23
1.55449600E+01 7.66299900E+23
1.83882700E+01 7.49335800E+23
2.17516500E+01 7.32661000E+23
2.57302200E+01 7.13893300E+23
3.04365000E+01 6.89929600E+23
3.60036000E+01 6.77952500E+23
4.25889700E+01 7.05150000E+23
5.03788600E+01 7.58702000E+23
5.95936000E+01 9.12781000E+23
7.04937800E+01 1.16135900E+24
8.33877100E+01 1.56064200E+24
9.86400500E+01 1.97988400E+24
1.16682200E+02 2.39383700E+24
1.38024400E+02 2.79170500E+24
1.63270200E+02 3.13573900E+24
1.93133800E+02 3.46325500E+24
2.28459600E+02 3.67548000E+24
2.70246900E+02 3.89257100E+24
3.19677400E+02 4.12332200E+24
3.78149200E+02 4.36176500E+24
4.47315900E+02 4.56237100E+24
5.29133900E+02 4.89408400E+24
6.25917100E+02 5.13349300E+24
7.40402800E+02 5.51273600E+24
8.75828900E+02 5.97795700E+24
1.03602600E+03 6.54495600E+24
1.22552400E+03 7.43148400E+24
1.44968300E+03 8.49588000E+24
-----------------------

Diffusion coefficient *N (1/m/s)
-----------------------
2.07097500E+00 1.33135600E+24
2.44977500E+00 1.38360800E+24
2.89786000E+00 1.45444300E+24
3.42790400E+00 1.52331800E+24
4.05489700E+00 1.56705200E+24
4.79657400E+00 1.63437300E+24
5.67390900E+00 1.67496800E+24
6.71171600E+00 1.73239400E+24
7.93934700E+00 1.73316200E+24
9.39152300E+00 1.75237400E+24
1.11093100E+01 1.77272300E+24
1.31413100E+01 1.79641200E+24
1.55449600E+01 1.80370300E+24
1.83882700E+01 1.77612300E+24
2.17516500E+01 1.78796100E+24
2.57302200E+01 1.77956100E+24
3.04365000E+01 1.77632400E+24
3.60036000E+01 1.74261000E+24
4.25889700E+01 1.72962500E+24
5.03788600E+01 1.75952800E+24
5.95936000E+01 1.81877800E+24
7.04937800E+01 1.98258400E+24
8.33877100E+01 2.22310200E+24
9.86400500E+01 2.54975000E+24
1.16682200E+02 2.93655000E+24
1.38024400E+02 3.32651500E+24
1.63270200E+02 3.68844200E+24
1.93133800E+02 4.02105500E+24
2.28459600E+02 4.32932800E+24
2.70246900E+02 4.59816900E+24
3.19677400E+02 4.82249000E+24
3.78149200E+02 5.04405800E+24
4.47315900E+02 5.22459500E+24
5.29133900E+02 5.43387100E+24
6.25917100E+02 5.60093000E+24
7.40402800E+02 5.82448300E+24
8.75828900E+02 6.02655800E+24
1.03602600E+03 6.23468900E+24
1.22552400E+03 6.48827100E+24
1.44968300E+03 6.87059600E+24
-----------------------

Bulk diffusion coef. *N (1/m/s)
-----------------------
2.07097500E+00 1.33121800E+24
2.44977500E+00 1.38802200E+24
2.89786000E+00 1.44869500E+24
3.42790400E+00 1.51952200E+24
4.05489700E+00 1.56512100E+24
4.79657400E+00 1.62828000E+24
5.67390900E+00 1.67855100E+24
6.71171600E+00 1.73440500E+24
7.93934700E+00 1.72985700E+24
9.39152300E+00 1.75041600E+24
1.11093100E+01 1.77139200E+24
1.31413100E+01 1.78353300E+24
1.55449600E+01 1.80607200E+24
1.83882700E+01 1.77447200E+24
2.17516500E+01 1.78918400E+24
2.57302200E+01 1.77550500E+24
3.04365000E+01 1.76896800E+24
3.60036000E+01 1.74431500E+24
4.25889700E+01 1.73395900E+24
5.03788600E+01 1.75673300E+24
5.95936000E+01 1.81494200E+24
7.04937800E+01 1.97963700E+24
8.33877100E+01 2.22493000E+24
9.86400500E+01 2.54965500E+24
1.16682200E+02 2.93748300E+24
1.38024400E+02 3.33753900E+24
1.63270200E+02 3.71358800E+24
1.93133800E+02 4.06001300E+24
2.28459600E+02 4.38585800E+24
2.70246900E+02 4.67583800E+24
3.19677400E+02 4.94390000E+24
3.78149200E+02 5.20330700E+24
4.47315900E+02 5.47571100E+24
5.29133900E+02 5.77256100E+24
6.25917100E+02 6.02196900E+24
7.40402800E+02 6.32620600E+24
8.75828900E+02 6.66136300E+24
1.03602600E+03 7.09337000E+24
1.22552400E+03 7.51821900E+24
1.44968300E+03 8.20792300E+24
-----------------------

Total ionization freq. (1/s)
-----------------------
2.07097500E+00 0.00000000E+00
2.44977500E+00 0.00000000E+00
2.89786000E+00 0.00000000E+00
3.42790400E+00 0.00000000E+00
4.05489700E+00 0.00000000E+00
4.79657400E+00 0.00000000E+00
5.67390900E+00 0.00000000E+00
6.71171600E+00 0.00000000E+00
7.93934700E+00 0.00000000E+00
9.39152300E+00 0.00000000E+00
1.11093100E+01 0.00000000E+00
1.31413100E+01 0.00000000E+00
1.55449600E+01 0.00000000E+00
1.83882700E+01 0.00000000E+00
2.17516500E+01 0.00000000E+00
2.57302200E+01 0.00000000E+00
3.04365000E+01 0.00000000E+00
3.60036000E+01 0.00000000E+00
4.25889700E+01 2.35764200E+04
5.03788600E+01 8.62954000E+04
5.95936000E+01 6.69196600E+05
7.04937800E+01 4.36832100E+06
8.33877100E+01 2.11166600E+07
9.86400500E+01 6.76652200E+07
1.16682200E+02 1.97957400E+08
1.38024400E+02 5.14710300E+08
1.63270200E+02 1.19147600E+09
1.93133800E+02 2.53241500E+09
2.28459600E+02 4.89092800E+09
2.70246900E+02 8.90615000E+09
3.19677400E+02 1.54334700E+10
3.78149200E+02 2.59162400E+10
4.47315900E+02 4.10590300E+10
5.29133900E+02 6.31152600E+10
6.25917100E+02 9.28161300E+10
7.40402800E+02 1.35096500E+11
8.75828900E+02 1.90781500E+11
1.03602600E+03 2.61709700E+11
1.22552400E+03 3.54485600E+11
1.44968300E+03 4.68594100E+11
-----------------------

Total attachment freq. (1/s)
-----------------------
2.07097500E+00 6.29448800E-11
2.44977500E+00 5.92000300E-11
2.89786000E+00 5.47562300E-11
3.42790400E+00 5.01436100E-11
4.05489700E+00 4.58488600E-11
4.79657400E+00 4.19025100E-11
5.67390900E+00 3.86008400E-11
6.71171600E+00 3.58618600E-11
7.93934700E+00 3.38363100E-11
9.39152300E+00 3.20906500E-11
1.11093100E+01 3.06450100E-11
1.31413100E+01 2.97080600E-11
1.55449600E+01 2.86672900E-11
1.83882700E+01 2.79167600E-11
2.17516500E+01 2.72399000E-11
2.57302200E+01 3.27699500E+04
3.04365000E+01 1.62289100E+05
3.60036000E+01 4.75539800E+05
4.25889700E+01 2.10436100E+06
5.03788600E+01 5.98441900E+06
5.95936000E+01 1.51133000E+07
7.04937800E+01 3.10243800E+07
8.33877100E+01 5.35810400E+07
9.86400500E+01 8.08318800E+07
1.16682200E+02 1.08653200E+08
1.38024400E+02 1.32909300E+08
1.63270200E+02 1.52102900E+08
1.93133800E+02 1.64793800E+08
2.28459600E+02 1.72119300E+08
2.70246900E+02 1.74178000E+08
3.19677400E+02 1.72927900E+08
3.78149200E+02 1.68366300E+08
4.47315900E+02 1.61149700E+08
5.29133900E+02 1.52008300E+08
6.25917100E+02 1.42348700E+08
7.40402800E+02 1.31664300E+08
8.75828900E+02 1.19752800E+08
1.03602600E+03 1.08423900E+08
1.22552400E+03 9.70974200E+07
1.44968300E+03 8.56333100E+07
-----------------------

C1 N2 Elastic (1/s)
-----------------------
2.07097500E+00 3.17098600E-14
2.44977500E+00 3.52430200E-14
2.89786000E+00 3.91526500E-14
3.42790400E+00 4.31674400E-14
4.05489700E+00 4.69051000E-14
4.79657400E+00 5.03707600E-14
5.67390900E+00 5.33480100E-14
6.71171600E+00 5.59590500E-14
7.93934700E+00 5.80171000E-14
9.39152300E+00 5.99449100E-14
1.11093100E+01 6.16586000E-14
1.31413100E+01 6.30032500E-14
1.55449600E+01 6.45447500E-14
1.83882700E+01 6.58765800E-14
2.17516500E+01 6.72848300E-14
2.57302200E+01 6.89430600E-14
3.04365000E+01 7.06843400E-14
3.60036000E+01 7.28780000E-14
4.25889700E+01 7.59334300E-14
5.03788600E+01 7.95401300E-14
5.95936000E+01 8.44468300E-14
7.04937800E+01 9.07069100E-14
8.33877100E+01 9.78398500E-14
9.86400500E+01 1.05301900E-13
1.16682200E+02 1.12401000E-13
1.38024400E+02 1.18786500E-13
1.63270200E+02 1.24409400E-13
1.93133800E+02 1.29450800E-13
2.28459600E+02 1.34108300E-13
2.70246900E+02 1.38637000E-13
3.19677400E+02 1.43164100E-13
3.78149200E+02 1.47861200E-13
4.47315900E+02 1.52792400E-13
5.29133900E+02 1.57893300E-13
6.25917100E+02 1.63062100E-13
7.40402800E+02 1.68547900E-13
8.75828900E+02 1.74083400E-13
1.03602600E+03 1.79421400E-13
1.22552400E+03 1.84641300E-13
1.44968300E+03 1.89407400E-13
-----------------------

C2 N2 Excitation 0.29 eV (1/s)
-----------------------
2.07097500E+00 1.04943000E-17
2.44977500E+00 1.64029500E-17
2.89786000E+00 2.63942100E-17
3.42790400E+00 4.14186500E-17
4.05489700E+00 6.31882900E-17
4.79657400E+00 9.18582800E-17
5.67390900E+00 1.29491600E-16
6.71171600E+00 1.79396000E-16
7.93934700E+00 2.38815700E-16
9.39152300E+00 3.17206100E-16
1.11093100E+01 4.10936700E-16
1.31413100E+01 5.30311300E-16
1.55449600E+01 6.77925900E-16
1.83882700E+01 8.49422500E-16
2.17516500E+01 1.06818100E-15
2.57302200E+01 1.34385200E-15
3.04365000E+01 1.67763700E-15
3.60036000E+01 2.10066700E-15
4.25889700E+01 2.64400200E-15
5.03788600E+01 3.25586700E-15
5.95936000E+01 3.96022100E-15
7.04937800E+01 4.67348000E-15
8.33877100E+01 5.27182500E-15
9.86400500E+01 5.66573500E-15
1.16682200E+02 5.81085800E-15
1.38024400E+02 5.74359700E-15
1.63270200E+02 5.51507300E-15
1.93133800E+02 5.19913300E-15
2.28459600E+02 4.85341700E-15
2.70246900E+02 4.49624300E-15
3.19677400E+02 4.13913800E-15
3.78149200E+02 3.81825800E-15
4.47315900E+02 3.51302700E-15
5.29133900E+02 3.24629500E-15
6.25917100E+02 3.00570400E-15
7.40402800E+02 2.76601300E-15
8.75828900E+02 2.56689800E-15
1.03602600E+03 2.37197000E-15
1.22552400E+03 2.18916500E-15
1.44968300E+03 2.00895000E-15
-----------------------

C3 N2 Excitation 0.57 eV (1/s)
-----------------------
2.07097500E+00 3.31151600E-19
2.44977500E+00 9.19890800E-19
2.89786000E+00 2.33858900E-18
3.42790400E+00 5.10214500E-18
4.05489700E+00 1.02556400E-17
4.79657400E+00 1.81605400E-17
5.67390900E+00 3.02534200E-17
6.71171600E+00 4.83591700E-17
7.93934700E+00 7.25536200E-17
9.39152300E+00 1.07122700E-16
1.11093100E+01 1.51615900E-16
1.31413100E+01 2.12998400E-16
1.55449600E+01 2.91796000E-16
1.83882700E+01 3.86742600E-16
2.17516500E+01 5.10727200E-16
2.57302200E+01 6.68239200E-16
3.04365000E+01 8.57543500E-16
3.60036000E+01 1.09383600E-15
4.25889700E+01 1.38755900E-15
5.03788600E+01 1.70687900E-15
5.95936000E+01 2.05274500E-15
7.04937800E+01 2.37683600E-15
8.33877100E+01 2.62112100E-15
9.86400500E+01 2.74723000E-15
1.16682200E+02 2.74796900E-15
1.38024400E+02 2.65441500E-15
1.63270200E+02 2.49254500E-15
1.93133800E+02 2.30146400E-15
2.28459600E+02 2.10487500E-15
2.70246900E+02 1.90871200E-15
3.19677400E+02 1.71814400E-15
3.78149200E+02 1.54605800E-15
4.47315900E+02 1.38416500E-15
5.29133900E+02 1.24164300E-15
6.25917100E+02 1.11355300E-15
7.40402800E+02 9.87526000E-16
8.75828900E+02 8.87357800E-16
1.03602600E+03 7.88248600E-16
1.22552400E+03 7.00668900E-16
1.44968300E+03 6.17433800E-16
-----------------------

C4 N2 Excitation 0.86 eV (1/s)
-----------------------
2.07097500E+00 6.58924100E-20
2.44977500E+00 1.99309900E-19
2.89786000E+00 5.37039900E-19
3.42790400E+00 1.23161600E-18
4.05489700E+00 2.60827600E-18
4.79657400E+00 4.82013600E-18
5.67390900E+00 8.40725800E-18
6.71171600E+00 1.41103300E-17
7.93934700E+00 2.23846000E-17
9.39152300E+00 3.51943000E-17
1.11093100E+01 5.33724100E-17
1.31413100E+01 8.16026600E-17
1.55449600E+01 1.21803300E-16
1.83882700E+01 1.75095300E-16
2.17516500E+01 2.50795700E-16
2.57302200E+01 3.53053700E-16
3.04365000E+01 4.83484200E-16
3.60036000E+01 6.52035800E-16
4.25889700E+01 8.64746000E-16
5.03788600E+01 1.10229700E-15
5.95936000E+01 1.35505700E-15
7.04937800E+01 1.59422100E-15
8.33877100E+01 1.77391600E-15
9.86400500E+01 1.86952000E-15
1.16682200E+02 1.87310800E-15
1.38024400E+02 1.80800400E-15
1.63270200E+02 1.69622100E-15
1.93133800E+02 1.56364000E-15
2.28459600E+02 1.42648100E-15
2.70246900E+02 1.28967100E-15
3.19677400E+02 1.15590000E-15
3.78149200E+02 1.03733500E-15
4.47315900E+02 9.24003100E-16
5.29133900E+02 8.24453900E-16
6.25917100E+02 7.35972400E-16
7.40402800E+02 6.47857800E-16
8.75828900E+02 5.77251000E-16
1.03602600E+03 5.08871100E-16
1.22552400E+03 4.48805700E-16
1.44968300E+03 3.91552900E-16
-----------------------

C5 N2 Excitation 1.76 eV (1/s)
-----------------------
2.07097500E+00 1.51994700E-22
2.44977500E+00 1.48700800E-21
2.89786000E+00 6.55876100E-21
3.42790400E+00 2.62143100E-20
4.05489700E+00 8.93060900E-20
4.79657400E+00 2.34717500E-19
5.67390900E+00 5.53296900E-19
6.71171600E+00 1.20356800E-18
7.93934700E+00 2.42139400E-18
9.39152300E+00 4.67027400E-18
1.11093100E+01 8.51889500E-18
1.31413100E+01 1.56871900E-17
1.55449600E+01 2.76834000E-17
1.83882700E+01 4.60976100E-17
2.17516500E+01 7.54927300E-17
2.57302200E+01 1.19250300E-16
3.04365000E+01 1.81412400E-16
3.60036000E+01 2.66548400E-16
4.25889700E+01 3.83004700E-16
5.03788600E+01 5.19668000E-16
5.95936000E+01 6.73913000E-16
7.04937800E+01 8.28383600E-16
8.33877100E+01 9.55260300E-16
9.86400500E+01 1.03510200E-15
1.16682200E+02 1.06125600E-15
1.38024400E+02 1.04310300E-15
1.63270200E+02 9.93284600E-16
1.93133800E+02 9.25818000E-16
2.28459600E+02 8.51882300E-16
2.70246900E+02 7.76416000E-16
3.19677400E+02 6.99321500E-16
3.78149200E+02 6.29978600E-16
4.47315900E+02 5.62722600E-16
5.29133900E+02 5.03616000E-16
6.25917100E+02 4.52024600E-16
7.40402800E+02 3.97972300E-16
8.75828900E+02 3.56044700E-16
1.03602600E+03 3.16335600E-16
1.22552400E+03 2.80224000E-16
1.44968300E+03 2.46625000E-16
-----------------------

C6 N2 Excitation 1.87 eV (1/s)
-----------------------
2.07097500E+00 3.27411500E-26
2.44977500E+00 2.64861300E-24
2.89786000E+00 1.56091700E-23
3.42790400E+00 7.01121600E-23
4.05489700E+00 4.66857000E-22
4.79657400E+00 2.00989800E-21
5.67390900E+00 8.50693900E-21
6.71171600E+00 2.83967900E-20
7.93934700E+00 9.26788200E-20
9.39152300E+00 2.60664900E-19
1.11093100E+01 6.74951700E-19
1.31413100E+01 1.70744800E-18
1.55449600E+01 4.00069200E-18
1.83882700E+01 8.42211600E-18
2.17516500E+01 1.66503900E-17
2.57302200E+01 3.12907100E-17
3.04365000E+01 5.52317000E-17
3.60036000E+01 9.19014800E-17
4.25889700E+01 1.47681300E-16
5.03788600E+01 2.18377600E-16
5.95936000E+01 3.05461800E-16
7.04937800E+01 3.97376600E-16
8.33877100E+01 4.80076400E-16
9.86400500E+01 5.37599800E-16
1.16682200E+02 5.65360600E-16
1.38024400E+02 5.66316500E-16
1.63270200E+02 5.46119900E-16
1.93133800E+02 5.13054600E-16
2.28459600E+02 4.75029800E-16
2.70246900E+02 4.33009500E-16
3.19677400E+02 3.89115300E-16
3.78149200E+02 3.48473100E-16
4.47315900E+02 3.08413400E-16
5.29133900E+02 2.72909300E-16
6.25917100E+02 2.39426000E-16
7.40402800E+02 2.05589100E-16
8.75828900E+02 1.78988100E-16
1.03602600E+03 1.53874400E-16
1.22552400E+03 1.30640900E-16
1.44968300E+03 1.09923300E-16
-----------------------

C7 N2 Excitation 2.04 eV (1/s)
-----------------------
2.07097500E+00 0.00000000E+00
2.44977500E+00 0.00000000E+00
2.89786000E+00 0.00000000E+00
3.42790400E+00 0.00000000E+00
4.05489700E+00 0.00000000E+00
4.79657400E+00 1.67511300E-24
5.67390900E+00 3.32600100E-23
6.71171600E+00 2.37072000E-22
7.93934700E+00 1.88991200E-21
9.39152300E+00 7.99096600E-21
1.11093100E+01 3.32488800E-20
1.31413100E+01 1.21891400E-19
1.55449600E+01 4.25563600E-19
1.83882700E+01 1.22458400E-18
2.17516500E+01 3.05698500E-18
2.57302200E+01 7.13201700E-18
3.04365000E+01 1.52241600E-17
3.60036000E+01 3.02030500E-17
4.25889700E+01 5.65334900E-17
5.03788600E+01 9.54180600E-17
5.95936000E+01 1.49483300E-16
7.04937800E+01 2.16025800E-16
8.33877100E+01 2.83786200E-16
9.86400500E+01 3.42532500E-16
1.16682200E+02 3.83350000E-16
1.38024400E+02 4.04898600E-16
1.63270200E+02 4.08608100E-16
1.93133800E+02 3.99259600E-16
2.28459600E+02 3.82150400E-16
2.70246900E+02 3.59396500E-16
3.19677400E+02 3.33332700E-16
3.78149200E+02 3.06892800E-16
4.47315900E+02 2.79354600E-16
5.29133900E+02 2.52447300E-16
6.25917100E+02 2.27763000E-16
7.40402800E+02 2.02469100E-16
8.75828900E+02 1.81214300E-16
1.03602600E+03 1.60374200E-16
1.22552400E+03 1.41667600E-16
1.44968300E+03 1.23620400E-16
-----------------------

C8 N2 Excitation 2.22 eV (1/s)
-----------------------
2.07097500E+00 0.00000000E+00
2.44977500E+00 0.00000000E+00
2.89786000E+00 0.00000000E+00
3.42790400E+00 0.00000000E+00
4.05489700E+00 0.00000000E+00
4.79657400E+00 0.00000000E+00
5.67390900E+00 0.00000000E+00
6.71171600E+00 3.49074600E-26
7.93934700E+00 3.01091200E-24
9.39152300E+00 9.09221000E-23
1.11093100E+01 8.77345100E-22
1.31413100E+01 4.79275800E-21
1.55449600E+01 2.62616300E-20
1.83882700E+01 1.12095300E-19
2.17516500E+01 3.69853300E-19
2.57302200E+01 1.05073800E-18
3.04365000E+01 2.75308200E-18
3.60036000E+01 6.48851200E-18
4.25889700E+01 1.39871000E-17
5.03788600E+01 2.59563700E-17
5.95936000E+01 4.38315600E-17
7.04937800E+01 6.70729700E-17
8.33877100E+01 9.12285600E-17
9.86400500E+01 1.12758300E-16
1.16682200E+02 1.28212800E-16
1.38024400E+02 1.36522100E-16
1.63270200E+02 1.37999000E-16
1.93133800E+02 1.34594000E-16
2.28459600E+02 1.28241600E-16
2.70246900E+02 1.19968800E-16
3.19677400E+02 1.10352400E-16
3.78149200E+02 1.00642100E-16
4.47315900E+02 9.02001600E-17
5.29133900E+02 8.04522000E-17
6.25917100E+02 7.12751700E-17
7.40402800E+02 6.22841400E-17
8.75828900E+02 5.45408500E-17
1.03602600E+03 4.72845600E-17
1.22552400E+03 4.06673900E-17
1.44968300E+03 3.44287300E-17
-----------------------

C9 N2 Excitation 2.36 eV (1/s)
-----------------------
2.07097500E+00 0.00000000E+00
2.44977500E+00 0.00000000E+00
2.89786000E+00 0.00000000E+00
3.42790400E+00 0.00000000E+00
4.05489700E+00 0.00000000E+00
4.79657400E+00 0.00000000E+00
5.67390900E+00 0.00000000E+00
6.71171600E+00 0.00000000E+00
7.93934700E+00 0.00000000E+00
9.39152300E+00 2.62356000E-25
1.11093100E+01 1.92421900E-23
1.31413100E+01 4.88796400E-22
1.55449600E+01 9.75064700E-22
1.83882700E+01 8.23740000E-21
2.17516500E+01 3.83490800E-20
2.57302200E+01 1.32939000E-19
3.04365000E+01 4.55642100E-19
3.60036000E+01 1.28621900E-18
4.25889700E+01 3.27573200E-18
5.03788600E+01 6.63879300E-18
5.95936000E+01 1.23792200E-17
7.04937800E+01 2.01405000E-17
8.33877100E+01 2.87530500E-17
9.86400500E+01 3.69270200E-17
1.16682200E+02 4.31160300E-17
1.38024400E+02 4.68400600E-17
1.63270200E+02 4.81057800E-17
1.93133800E+02 4.74359000E-17
2.28459600E+02 4.56515900E-17
2.70246900E+02 4.30102100E-17
3.19677400E+02 3.99074600E-17
3.78149200E+02 3.64826000E-17
4.47315900E+02 3.26974700E-17
5.29133900E+02 2.94185800E-17
6.25917100E+02 2.60110800E-17
7.40402800E+02 2.28383400E-17
8.75828900E+02 1.99197700E-17
1.03602600E+03 1.72818100E-17
1.22552400E+03 1.47810200E-17
1.44968300E+03 1.25500900E-17
-----------------------

C10 N2 Excitation 2.47 eV (1/s)
-----------------------
2.07097500E+00 0.00000000E+00
2.44977500E+00 0.00000000E+00
2.89786000E+00 0.00000000E+00
3.42790400E+00 0.00000000E+00
4.05489700E+00 0.00000000E+00
4.79657400E+00 0.00000000E+00
5.67390900E+00 0.00000000E+00
6.71171600E+00 0.00000000E+00
7.93934700E+00 0.00000000E+00
9.39152300E+00 0.00000000E+00
1.11093100E+01 8.17726000E-25
1.31413100E+01 1.49837000E-22
1.55449600E+01 1.18984000E-22
1.83882700E+01 1.19253300E-21
2.17516500E+01 7.31933600E-21
2.57302200E+01 3.23694600E-20
3.04365000E+01 1.35795800E-19
3.60036000E+01 4.60944700E-19
4.25889700E+01 1.26565200E-18
5.03788600E+01 2.82059000E-18
5.95936000E+01 5.59759500E-18
7.04937800E+01 9.62689700E-18
8.33877100E+01 1.42553000E-17
9.86400500E+01 1.89306600E-17
1.16682200E+02 2.26412000E-17
1.38024400E+02 2.50340100E-17
1.63270200E+02 2.60852200E-17
1.93133800E+02 2.60709400E-17
2.28459600E+02 2.53038600E-17
2.70246900E+02 2.39827600E-17
3.19677400E+02 2.23705000E-17
3.78149200E+02 2.04852500E-17
4.47315900E+02 1.85761900E-17
5.29133900E+02 1.66684300E-17
6.25917100E+02 1.48507700E-17
7.40402800E+02 1.30279300E-17
8.75828900E+02 1.13952400E-17
1.03602600E+03 9.84582100E-18
1.22552400E+03 8.44682400E-18
1.44968300E+03 7.17130200E-18
-----------------------

C11 N2 Excitation 2.73 eV (1/s)
-----------------------
2.07097500E+00 0.00000000E+00
2.44977500E+00 0.00000000E+00
2.89786000E+00 0.00000000E+00
3.42790400E+00 0.00000000E+00
4.05489700E+00 0.00000000E+00
4.79657400E+00 0.00000000E+00
5.67390900E+00 0.00000000E+00
6.71171600E+00 0.00000000E+00
7.93934700E+00 0.00000000E+00
9.39152300E+00 0.00000000E+00
1.11093100E+01 0.00000000E+00
1.31413100E+01 1.20902700E-23
1.55449600E+01 4.46474100E-24
1.83882700E+01 1.17686200E-22
2.17516500E+01 1.02832700E-21
2.57302200E+01 6.67405000E-21
3.04365000E+01 3.13664400E-20
3.60036000E+01 1.20965300E-19
4.25889700E+01 3.52470200E-19
5.03788600E+01 8.42492600E-19
5.95936000E+01 1.76508500E-18
7.04937800E+01 3.16823100E-18
8.33877100E+01 4.82933100E-18
9.86400500E+01 6.56611800E-18
1.16682200E+02 8.02814500E-18
1.38024400E+02 9.01891700E-18
1.63270200E+02 9.52328500E-18
1.93133800E+02 9.61393100E-18
2.28459600E+02 9.40447300E-18
2.70246900E+02 8.97645100E-18
3.19677400E+02 8.42016700E-18
3.78149200E+02 7.77293700E-18
4.47315900E+02 7.08771700E-18
5.29133900E+02 6.38451000E-18
6.25917100E+02 5.71927300E-18
7.40402800E+02 5.03618400E-18
8.75828900E+02 4.41907800E-18
1.03602600E+03 3.84450400E-18
1.22552400E+03 3.29622800E-18
1.44968300E+03 2.81368800E-18
-----------------------

C12 N2 Excitation 2.98 eV (1/s)
-----------------------
2.07097500E+00 0.00000000E+00
2.44977500E+00 0.00000000E+00
2.89786000E+00 0.00000000E+00
3.42790400E+00 0.00000000E+00
4.05489700E+00 0.00000000E+00
4.79657400E+00 0.00000000E+00
5.67390900E+00 0.00000000E+00
6.71171600E+00 0.00000000E+00
7.93934700E+00 0.00000000E+00
9.39152300E+00 0.00000000E+00
1.11093100E+01 0.00000000E+00
1.31413100E+01 1.62790000E-25
1.55449600E+01 6.02161400E-27
1.83882700E+01 9.01744800E-24
2.17516500E+01 1.43992500E-22
2.57302200E+01 1.27316300E-21
3.04365000E+01 6.25034400E-21
3.60036000E+01 2.44424600E-20
4.25889700E+01 7.41739400E-20
5.03788600E+01 1.78889200E-19
5.95936000E+01 3.84126000E-19
7.04937800E+01 6.99060000E-19
8.33877100E+01 1.07472700E-18
9.86400500E+01 1.47172900E-18
1.16682200E+02 1.81057300E-18
1.38024400E+02 2.04500300E-18
1.63270200E+02 2.17000900E-18
1.93133800E+02 2.19359000E-18
2.28459600E+02 2.15055400E-18
2.70246900E+02 2.05884600E-18
3.19677400E+02 1.93325500E-18
3.78149200E+02 1.78548500E-18
4.47315900E+02 1.63341800E-18
5.29133900E+02 1.47040200E-18
6.25917100E+02 1.31239200E-18
7.40402800E+02 1.16166100E-18
8.75828900E+02 1.01588700E-18
1.03602600E+03 8.87825600E-19
1.22552400E+03 7.58744500E-19
1.44968300E+03 6.47524700E-19
-----------------------

C13 N2 Excitation 3.23 eV (1/s)
-----------------------
2.07097500E+00 0.00000000E+00
2.44977500E+00 0.00000000E+00
2.89786000E+00 0.00000000E+00
3.42790400E+00 0.00000000E+00
4.05489700E+00 0.00000000E+00
4.79657400E+00 0.00000000E+00
5.67390900E+00 0.00000000E+00
6.71171600E+00 0.00000000E+00
7.93934700E+00 0.00000000E+00
9.39152300E+00 0.00000000E+00
1.11093100E+01 0.00000000E+00
1.31413100E+01 0.00000000E+00
1.55449600E+01 0.00000000E+00
1.83882700E+01 5.66274300E-27
2.17516500E+01 1.81353500E-23
2.57302200E+01 3.02829800E-22
3.04365000E+01 1.30553000E-21
3.60036000E+01 5.64223900E-21
4.25889700E+01 1.72156000E-20
5.03788600E+01 4.34430400E-20
5.95936000E+01 9.38409300E-20
7.04937800E+01 1.74171100E-19
8.33877100E+01 2.72335700E-19
9.86400500E+01 3.78692500E-19
1.16682200E+02 4.70403700E-19
1.38024400E+02 5.35119100E-19
1.63270200E+02 5.72010600E-19
1.93133800E+02 5.81232800E-19
2.28459600E+02 5.74262000E-19
2.70246900E+02 5.52296000E-19
3.19677400E+02 5.17811500E-19
3.78149200E+02 4.81838200E-19
4.47315900E+02 4.41385400E-19
5.29133900E+02 4.00872000E-19
6.25917100E+02 3.57995200E-19
7.40402800E+02 3.17934500E-19
8.75828900E+02 2.76480400E-19
1.03602600E+03 2.41807900E-19
1.22552400E+03 2.09173100E-19
1.44968300E+03 1.76983600E-19
-----------------------

C14 N2 Excitation 3.48 eV (1/s)
-----------------------
2.07097500E+00 0.00000000E+00
2.44977500E+00 0.00000000E+00
2.89786000E+00 0.00000000E+00
3.42790400E+00 0.00000000E+00
4.05489700E+00 0.00000000E+00
4.79657400E+00 0.00000000E+00
5.67390900E+00 0.00000000E+00
6.71171600E+00 0.00000000E+00
7.93934700E+00 0.00000000E+00
9.39152300E+00 0.00000000E+00
1.11093100E+01 0.00000000E+00
1.31413100E+01 0.00000000E+00
1.55449600E+01 0.00000000E+00
1.83882700E+01 0.00000000E+00
2.17516500E+01 1.90613700E-24
2.57302200E+01 7.23659400E-23
3.04365000E+01 3.29585400E-22
3.60036000E+01 1.33057900E-21
4.25889700E+01 4.27618300E-21
5.03788600E+01 1.09756000E-20
5.95936000E+01 2.46060200E-20
7.04937800E+01 4.64659500E-20
8.33877100E+01 7.35204400E-20
9.86400500E+01 1.03291000E-19
1.16682200E+02 1.29407400E-19
1.38024400E+02 1.48574300E-19
1.63270200E+02 1.59840800E-19
1.93133800E+02 1.63577900E-19
2.28459600E+02 1.62643300E-19
2.70246900E+02 1.56876400E-19
3.19677400E+02 1.48716000E-19
3.78149200E+02 1.38905500E-19
4.47315900E+02 1.27542500E-19
5.29133900E+02 1.16423900E-19
6.25917100E+02 1.04880600E-19
7.40402800E+02 9.32552700E-20
8.75828900E+02 8.17164800E-20
1.03602600E+03 7.17966500E-20
1.22552400E+03 6.22102600E-20
1.44968300E+03 5.29914100E-20
-----------------------

C15 N2 Excitation 3.72 eV (1/s)
-----------------------
2.07097500E+00 0.00000000E+00
2.44977500E+00 0.00000000E+00
2.89786000E+00 0.00000000E+00
3.42790400E+00 0.00000000E+00
4.05489700E+00 0.00000000E+00
4.79657400E+00 0.00000000E+00
5.67390900E+00 0.00000000E+00
6.71171600E+00 0.00000000E+00
7.93934700E+00 0.00000000E+00
9.39152300E+00 0.00000000E+00
1.11093100E+01 0.00000000E+00
1.31413100E+01 0.00000000E+00
1.55449600E+01 0.00000000E+00
1.83882700E+01 0.00000000E+00
2.17516500E+01 6.67562500E-26
2.57302200E+01 1.60502600E-23
3.04365000E+01 7.56123300E-23
3.60036000E+01 2.92483200E-22
4.25889700E+01 9.69093800E-22
5.03788600E+01 2.53357600E-21
5.95936000E+01 5.85078900E-21
7.04937800E+01 1.11302800E-20
8.33877100E+01 1.78493900E-20
9.86400500E+01 2.53075100E-20
1.16682200E+02 3.19819400E-20
1.38024400E+02 3.70000200E-20
1.63270200E+02 4.01640200E-20
1.93133800E+02 4.14495800E-20
2.28459600E+02 4.15107300E-20
2.70246900E+02 4.02919300E-20
3.19677400E+02 3.82736900E-20
3.78149200E+02 3.61713500E-20
4.47315900E+02 3.32688300E-20
5.29133900E+02 3.04711900E-20
6.25917100E+02 2.75315200E-20
7.40402800E+02 2.47196900E-20
8.75828900E+02 2.18207100E-20
1.03602600E+03 1.92019300E-20
1.22552400E+03 1.68204600E-20
1.44968300E+03 1.43993900E-20
-----------------------

C16 N2 Excitation 3.96 eV (1/s)
-----------------------
2.07097500E+00 0.00000000E+00
2.44977500E+00 0.00000000E+00
2.89786000E+00 0.00000000E+00
3.42790400E+00 0.00000000E+00
4.05489700E+00 0.00000000E+00
4.79657400E+00 0.00000000E+00
5.67390900E+00 0.00000000E+00
6.71171600E+00 0.00000000E+00
7.93934700E+00 0.00000000E+00
9.39152300E+00 0.00000000E+00
1.11093100E+01 0.00000000E+00
1.31413100E+01 0.00000000E+00
1.55449600E+01 0.00000000E+00
1.83882700E+01 0.00000000E+00
2.17516500E+01 0.00000000E+00
2.57302200E+01 3.96384400E-24
3.04365000E+01 2.65135000E-23
3.60036000E+01 9.76522500E-23
4.25889700E+01 3.18113400E-22
5.03788600E+01 8.63228700E-22
5.95936000E+01 1.98610800E-21
7.04937800E+01 3.88557000E-21
8.33877100E+01 6.26037500E-21
9.86400500E+01 9.00882900E-21
1.16682200E+02 1.15068500E-20
1.38024400E+02 1.34287200E-20
1.63270200E+02 1.47169800E-20
1.93133800E+02 1.53109700E-20
2.28459600E+02 1.54408200E-20
2.70246900E+02 1.50776100E-20
3.19677400E+02 1.44880100E-20
3.78149200E+02 1.37274800E-20
4.47315900E+02 1.27684600E-20
5.29133900E+02 1.17419500E-20
6.25917100E+02 1.07379100E-20
7.40402800E+02 9.66867300E-21
8.75828900E+02 8.60569000E-21
1.03602600E+03 7.63078400E-21
1.22552400E+03 6.71872400E-21
1.44968300E+03 5.80505400E-21
-----------------------

C17 N2 Excitation 6.72 eV (1/s)
-----------------------
2.07097500E+00 0.00000000E+00
2.44977500E+00 0.00000000E+00
2.89786000E+00 0.00000000E+00
3.42790400E+00 0.00000000E+00
4.05489700E+00 0.00000000E+00
4.79657400E+00 0.00000000E+00
5.67390900E+00 0.00000000E+00
6.71171600E+00 0.00000000E+00
7.93934700E+00 0.00000000E+00
9.39152300E+00 0.00000000E+00
1.11093100E+01 0.00000000E+00
1.31413100E+01 0.00000000E+00
1.55449600E+01 0.00000000E+00
1.83882700E+01 0.00000000E+00
2.17516500E+01 0.00000000E+00
2.57302200E+01 6.39713300E-21
3.04365000E+01 1.76943700E-20
3.60036000E+01 4.78950800E-20
4.25889700E+01 3.51518700E-19
5.03788600E+01 1.29740600E-18
5.95936000E+01 3.69084900E-18
7.04937800E+01 9.06436100E-18
8.33877100E+01 1.84210300E-17
9.86400500E+01 3.21220000E-17
1.16682200E+02 5.01667400E-17
1.38024400E+02 7.11344500E-17
1.63270200E+02 9.37023700E-17
1.93133800E+02 1.16992400E-16
2.28459600E+02 1.39551500E-16
2.70246900E+02 1.61524800E-16
3.19677400E+02 1.82067600E-16
3.78149200E+02 2.00625900E-16
4.47315900E+02 2.17604100E-16
5.29133900E+02 2.31758000E-16
6.25917100E+02 2.43367100E-16
7.40402800E+02 2.52203800E-16
8.75828900E+02 2.57976400E-16
1.03602600E+03 2.60779800E-16
1.22552400E+03 2.60050700E-16
1.44968300E+03 2.56868900E-16
-----------------------

C18 N2 Excitation 7.36 eV (1/s)
-----------------------
2.07097500E+00 0.00000000E+00
2.44977500E+00 0.00000000E+00
2.89786000E+00 0.00000000E+00
3.42790400E+00 0.00000000E+00
4.05489700E+00 0.00000000E+00
4.79657400E+00 0.00000000E+00
5.67390900E+00 0.00000000E+00
6.71171600E+00 0.00000000E+00
7.93934700E+00 0.00000000E+00
9.39152300E+00 0.00000000E+00
1.11093100E+01 0.00000000E+00
1.31413100E+01 0.00000000E+00
1.55449600E+01 0.00000000E+00
1.83882700E+01 0.00000000E+00
2.17516500E+01 0.00000000E+00
2.57302200E+01 1.28269700E-20
3.04365000E+01 3.21899600E-20
3.60036000E+01 9.72261100E-20
4.25889700E+01 8.30277300E-19
5.03788600E+01 3.24994400E-18
5.95936000E+01 9.53836800E-18
7.04937800E+01 2.45093300E-17
8.33877100E+01 5.22165100E-17
9.86400500E+01 9.47756300E-17
1.16682200E+02 1.53606500E-16
1.38024400E+02 2.25528600E-16
1.63270200E+02 3.06442000E-16
1.93133800E+02 3.93614900E-16
2.28459600E+02 4.81238500E-16
2.70246900E+02 5.70152500E-16
3.19677400E+02 6.55578700E-16
3.78149200E+02 7.35439500E-16
4.47315900E+02 8.11139200E-16
5.29133900E+02 8.76820900E-16
6.25917100E+02 9.32185400E-16
7.40402800E+02 9.77526500E-16
8.75828900E+02 1.01055700E-15
1.03602600E+03 1.03091500E-15
1.22552400E+03 1.03666300E-15
1.44968300E+03 1.03153900E-15
-----------------------

C19 N2 Excitation 7.74 eV (1/s)
-----------------------
2.07097500E+00 0.00000000E+00
2.44977500E+00 0.00000000E+00
2.89786000E+00 0.00000000E+00
3.42790400E+00 0.00000000E+00
4.05489700E+00 0.00000000E+00
4.79657400E+00 0.00000000E+00
5.67390900E+00 0.00000000E+00
6.71171600E+00 0.00000000E+00
7.93934700E+00 0.00000000E+00
9.39152300E+00 0.00000000E+00
1.11093100E+01 0.00000000E+00
1.31413100E+01 0.00000000E+00
1.55449600E+01 0.00000000E+00
1.83882700E+01 0.00000000E+00
2.17516500E+01 0.00000000E+00
2.57302200E+01 1.36259400E-20
3.04365000E+01 3.30806700E-20
3.60036000E+01 1.13010900E-19
4.25889700E+01 1.08374500E-18
5.03788600E+01 4.39337400E-18
5.95936000E+01 1.32779100E-17
7.04937800E+01 3.52525900E-17
8.33877100E+01 7.77226200E-17
9.86400500E+01 1.45254700E-16
1.16682200E+02 2.41382300E-16
1.38024400E+02 3.62255900E-16
1.63270200E+02 5.01203000E-16
1.93133800E+02 6.53599800E-16
2.28459600E+02 8.08633000E-16
2.70246900E+02 9.67633600E-16
3.19677400E+02 1.12095200E-15
3.78149200E+02 1.26454500E-15
4.47315900E+02 1.40103100E-15
5.29133900E+02 1.52009200E-15
6.25917100E+02 1.61981600E-15
7.40402800E+02 1.70253800E-15
8.75828900E+02 1.76334500E-15
1.03602600E+03 1.80146400E-15
1.22552400E+03 1.81388400E-15
1.44968300E+03 1.80635500E-15
-----------------------

C20 N2 Excitation 8.05 eV (1/s)
-----------------------
2.07097500E+00 0.00000000E+00
2.44977500E+00 0.00000000E+00
2.89786000E+00 0.00000000E+00
3.42790400E+00 0.00000000E+00
4.05489700E+00 0.00000000E+00
4.79657400E+00 0.00000000E+00
5.67390900E+00 0.00000000E+00
6.71171600E+00 0.00000000E+00
7.93934700E+00 0.00000000E+00
9.39152300E+00 0.00000000E+00
1.11093100E+01 0.00000000E+00
1.31413100E+01 0.00000000E+00
1.55449600E+01 0.00000000E+00
1.83882700E+01 0.00000000E+00
2.17516500E+01 0.00000000E+00
2.57302200E+01 6.04112700E-22
3.04365000E+01 1.42718100E-21
3.60036000E+01 5.96568400E-21
4.25889700E+01 7.72513600E-20
5.03788600E+01 3.21049300E-19
5.95936000E+01 1.09016500E-18
7.04937800E+01 3.18605800E-18
8.33877100E+01 7.85290000E-18
9.86400500E+01 1.62501300E-17
1.16682200E+02 2.99337300E-17
1.38024400E+02 4.97542800E-17
1.63270200E+02 7.60827900E-17
1.93133800E+02 1.09225300E-16
2.28459600E+02 1.47829900E-16
2.70246900E+02 1.92462900E-16
3.19677400E+02 2.40918800E-16
3.78149200E+02 2.91824600E-16
4.47315900E+02 3.44779600E-16
5.29133900E+02 3.95841300E-16
6.25917100E+02 4.42096100E-16
7.40402800E+02 4.85338700E-16
8.75828900E+02 5.21253100E-16
1.03602600E+03 5.48645200E-16
1.22552400E+03 5.66832900E-16
1.44968300E+03 5.76563000E-16
-----------------------

C21 N2 Excitation 8.22 eV (1/s)
-----------------------
2.07097500E+00 0.00000000E+00
2.44977500E+00 0.00000000E+00
2.89786000E+00 0.00000000E+00
3.42790400E+00 0.00000000E+00
4.05489700E+00 0.00000000E+00
4.79657400E+00 0.00000000E+00
5.67390900E+00 0.00000000E+00
6.71171600E+00 0.00000000E+00
7.93934700E+00 0.00000000E+00
9.39152300E+00 0.00000000E+00
1.11093100E+01 0.00000000E+00
1.31413100E+01 0.00000000E+00
1.55449600E+01 0.00000000E+00
1.83882700E+01 0.00000000E+00
2.17516500E+01 0.00000000E+00
2.57302200E+01 5.21499000E-21
3.04365000E+01 1.22902700E-20
3.60036000E+01 4.58796300E-20
4.25889700E+01 4.71928100E-19
5.03788600E+01 1.94422500E-18
5.95936000E+01 6.01429400E-18
7.04937800E+01 1.62916100E-17
8.33877100E+01 3.66994300E-17
9.86400500E+01 6.99051500E-17
1.16682200E+02 1.18136000E-16
1.38024400E+02 1.80097800E-16
1.63270200E+02 2.52768200E-16
1.93133800E+02 3.34027100E-16
2.28459600E+02 4.18288300E-16
2.70246900E+02 5.06360000E-16
3.19677400E+02 5.92872400E-16
3.78149200E+02 6.75488500E-16
4.47315900E+02 7.55369900E-16
5.29133900E+02 8.26457600E-16
6.25917100E+02 8.87023400E-16
7.40402800E+02 9.38684000E-16
8.75828900E+02 9.78051300E-16
1.03602600E+03 1.00453800E-15
1.22552400E+03 1.01651500E-15
1.44968300E+03 1.01735600E-15
-----------------------

C22 N2 Excitation 8.45 eV (1/s)
-----------------------
2.07097500E+00 0.00000000E+00
2.44977500E+00 0.00000000E+00
2.89786000E+00 0.00000000E+00
3.42790400E+00 0.00000000E+00
4.05489700E+00 0.00000000E+00
4.79657400E+00 0.00000000E+00
5.67390900E+00 0.00000000E+00
6.71171600E+00 0.00000000E+00
7.93934700E+00 0.00000000E+00
9.39152300E+00 0.00000000E+00
1.11093100E+01 0.00000000E+00
1.31413100E+01 0.00000000E+00
1.55449600E+01 0.00000000E+00
1.83882700E+01 0.00000000E+00
2.17516500E+01 0.00000000E+00
2.57302200E+01 6.07090200E-21
3.04365000E+01 1.44048200E-20
3.60036000E+01 5.43634500E-20
4.25889700E+01 5.99806200E-19
5.03788600E+01 2.48575000E-18
5.95936000E+01 7.66982600E-18
7.04937800E+01 2.08385100E-17
8.33877100E+01 4.70081200E-17
9.86400500E+01 8.94417500E-17
1.16682200E+02 1.50836500E-16
1.38024400E+02 2.29300500E-16
1.63270200E+02 3.20621600E-16
1.93133800E+02 4.21902600E-16
2.28459600E+02 5.25836000E-16
2.70246900E+02 6.33474000E-16
3.19677400E+02 7.37894700E-16
3.78149200E+02 8.36381000E-16
4.47315900E+02 9.30692400E-16
5.29133900E+02 1.01356400E-15
6.25917100E+02 1.08332700E-15
7.40402800E+02 1.14177700E-15
8.75828900E+02 1.18531200E-15
1.03602600E+03 1.21314600E-15
1.22552400E+03 1.22337500E-15
1.44968300E+03 1.21970700E-15
-----------------------

C23 N2 Excitation 8.73 eV (1/s)
-----------------------
2.07097500E+00 0.00000000E+00
2.44977500E+00 0.00000000E+00
2.89786000E+00 0.00000000E+00
3.42790400E+00 0.00000000E+00
4.05489700E+00 0.00000000E+00
4.79657400E+00 0.00000000E+00
5.67390900E+00 0.00000000E+00
6.71171600E+00 0.00000000E+00
7.93934700E+00 0.00000000E+00
9.39152300E+00 0.00000000E+00
1.11093100E+01 0.00000000E+00
1.31413100E+01 0.00000000E+00
1.55449600E+01 0.00000000E+00
1.83882700E+01 0.00000000E+00
2.17516500E+01 0.00000000E+00
2.57302200E+01 6.94336700E-22
3.04365000E+01 1.53475100E-21
3.60036000E+01 8.36846900E-21
4.25889700E+01 1.27379700E-19
5.03788600E+01 5.36570400E-19
5.95936000E+01 1.91392800E-18
7.04937800E+01 5.76389000E-18
8.33877100E+01 1.46420400E-17
9.86400500E+01 3.10176500E-17
1.16682200E+02 5.82110600E-17
1.38024400E+02 9.82129300E-17
1.63270200E+02 1.51953000E-16
1.93133800E+02 2.20134900E-16
2.28459600E+02 3.00003900E-16
2.70246900E+02 3.92684200E-16
3.19677400E+02 4.93603000E-16
3.78149200E+02 5.99792400E-16
4.47315900E+02 7.10406600E-16
5.29133900E+02 8.17221300E-16
6.25917100E+02 9.13973900E-16
7.40402800E+02 1.00461800E-15
8.75828900E+02 1.07999900E-15
1.03602600E+03 1.13761200E-15
1.22552400E+03 1.17610600E-15
1.44968300E+03 1.19696100E-15
-----------------------

C24 N2 Excitation 8.95 eV (1/s)
-----------------------
2.07097500E+00 0.00000000E+00
2.44977500E+00 0.00000000E+00
2.89786000E+00 0.00000000E+00
3.42790400E+00 0.00000000E+00
4.05489700E+00 0.00000000E+00
4.79657400E+00 0.00000000E+00
5.67390900E+00 0.00000000E+00
6.71171600E+00 0.00000000E+00
7.93934700E+00 0.00000000E+00
9.39152300E+00 0.00000000E+00
1.11093100E+01 0.00000000E+00
1.31413100E+01 0.00000000E+00
1.55449600E+01 0.00000000E+00
1.83882700E+01 0.00000000E+00
2.17516500E+01 0.00000000E+00
2.57302200E+01 2.50038100E-22
3.04365000E+01 5.54031800E-22
3.60036000E+01 3.39688100E-21
4.25889700E+01 6.21234400E-20
5.03788600E+01 2.59900100E-19
5.95936000E+01 1.00852500E-18
7.04937800E+01 3.24930900E-18
8.33877100E+01 8.86330800E-18
9.86400500E+01 1.99126200E-17
1.16682200E+02 3.97652800E-17
1.38024400E+02 7.13055600E-17
1.63270200E+02 1.17153600E-16
1.93133800E+02 1.80035400E-16
2.28459600E+02 2.59672000E-16
2.70246900E+02 3.59512000E-16
3.19677400E+02 4.78029100E-16
3.78149200E+02 6.16167100E-16
4.47315900E+02 7.72921600E-16
5.29133900E+02 9.42913700E-16
6.25917100E+02 1.11778700E-15
7.40402800E+02 1.30795300E-15
8.75828900E+02 1.49797000E-15
1.03602600E+03 1.68108100E-15
1.22552400E+03 1.86033900E-15
1.44968300E+03 2.02708000E-15
-----------------------

C25 N2 Excitation 8.97 eV (1/s)
-----------------------
2.07097500E+00 0.00000000E+00
2.44977500E+00 0.00000000E+00
2.89786000E+00 0.00000000E+00
3.42790400E+00 0.00000000E+00
4.05489700E+00 0.00000000E+00
4.79657400E+00 0.00000000E+00
5.67390900E+00 0.00000000E+00
6.71171600E+00 0.00000000E+00
7.93934700E+00 0.00000000E+00
9.39152300E+00 0.00000000E+00
1.11093100E+01 0.00000000E+00
1.31413100E+01 0.00000000E+00
1.55449600E+01 0.00000000E+00
1.83882700E+01 0.00000000E+00
2.17516500E+01 0.00000000E+00
2.57302200E+01 1.13729000E-23
3.04365000E+01 2.98399000E-23
3.60036000E+01 2.74801900E-22
4.25889700E+01 8.12869600E-21
5.03788600E+01 3.35942800E-20
5.95936000E+01 1.51462600E-19
7.04937800E+01 5.33133200E-19
8.33877100E+01 1.56756600E-18
9.86400500E+01 3.71008800E-18
1.16682200E+02 7.72302200E-18
1.38024400E+02 1.42556800E-17
1.63270200E+02 2.38584000E-17
1.93133800E+02 3.69694300E-17
2.28459600E+02 5.33170300E-17
2.70246900E+02 7.32212600E-17
3.19677400E+02 9.58989700E-17
3.78149200E+02 1.20798200E-16
4.47315900E+02 1.47571900E-16
5.29133900E+02 1.74341900E-16
6.25917100E+02 1.99450500E-16
7.40402800E+02 2.23927900E-16
8.75828900E+02 2.45232000E-16
1.03602600E+03 2.62499000E-16
1.22552400E+03 2.75496800E-16
1.44968300E+03 2.84137500E-16
-----------------------

C26 N2 Excitation 9.19 eV (1/s)
-----------------------
2.07097500E+00 0.00000000E+00
2.44977500E+00 0.00000000E+00
2.89786000E+00 0.00000000E+00
3.42790400E+00 0.00000000E+00
4.05489700E+00 0.00000000E+00
4.79657400E+00 0.00000000E+00
5.67390900E+00 0.00000000E+00
6.71171600E+00 0.00000000E+00
7.93934700E+00 0.00000000E+00
9.39152300E+00 0.00000000E+00
1.11093100E+01 0.00000000E+00
1.31413100E+01 0.00000000E+00
1.55449600E+01 0.00000000E+00
1.83882700E+01 0.00000000E+00
2.17516500E+01 0.00000000E+00
2.57302200E+01 1.40787700E-23
3.04365000E+01 3.47218100E-23
3.60036000E+01 2.98239300E-22
4.25889700E+01 7.75202800E-21
5.03788600E+01 3.22827400E-20
5.95936000E+01 1.37269200E-19
7.04937800E+01 4.55858600E-19
8.33877100E+01 1.27241600E-18
9.86400500E+01 2.89829400E-18
1.16682200E+02 5.79013300E-18
1.38024400E+02 1.02948100E-17
1.63270200E+02 1.66492200E-17
1.93133800E+02 2.50258400E-17
2.28459600E+02 3.51707300E-17
2.70246900E+02 4.72584000E-17
3.19677400E+02 6.08078000E-17
3.78149200E+02 7.55090100E-17
4.47315900E+02 9.12488900E-17
5.29133900E+02 1.06978200E-16
6.25917100E+02 1.21829000E-16
7.40402800E+02 1.36424500E-16
8.75828900E+02 1.49387700E-16
1.03602600E+03 1.60196400E-16
1.22552400E+03 1.68752700E-16
1.44968300E+03 1.74970400E-16
-----------------------

C27 N2 Excitation 9.56 eV (1/s)
-----------------------
2.07097500E+00 0.00000000E+00
2.44977500E+00 0.00000000E+00
2.89786000E+00 0.00000000E+00
3.42790400E+00 0.00000000E+00
4.05489700E+00 0.00000000E+00
4.79657400E+00 0.00000000E+00
5.67390900E+00 0.00000000E+00
6.71171600E+00 0.00000000E+00
7.93934700E+00 0.00000000E+00
9.39152300E+00 0.00000000E+00
1.11093100E+01 0.00000000E+00
1.31413100E+01 0.00000000E+00
1.55449600E+01 0.00000000E+00
1.83882700E+01 0.00000000E+00
2.17516500E+01 0.00000000E+00
2.57302200E+01 6.96889000E-23
3.04365000E+01 1.89297300E-22
3.60036000E+01 2.36696600E-21
4.25889700E+01 5.09776200E-20
5.03788600E+01 2.17959800E-19
5.95936000E+01 8.56255100E-19
7.04937800E+01 2.70166400E-18
8.33877100E+01 7.20840400E-18
9.86400500E+01 1.58632500E-17
1.16682200E+02 3.07034900E-17
1.38024400E+02 5.31142300E-17
1.63270200E+02 8.38698000E-17
1.93133800E+02 1.23465100E-16
2.28459600E+02 1.70425700E-16
2.70246900E+02 2.25357500E-16
3.19677400E+02 2.85564200E-16
3.78149200E+02 3.49246700E-16
4.47315900E+02 4.15810100E-16
5.29133900E+02 4.80347600E-16
6.25917100E+02 5.38923300E-16
7.40402800E+02 5.94031000E-16
8.75828900E+02 6.40067200E-16
1.03602600E+03 6.75459800E-16
1.22552400E+03 6.99463400E-16
1.44968300E+03 7.12870000E-16
-----------------------

C28 N2 Excitation 9.59 eV (1/s)
-----------------------
2.07097500E+00 0.00000000E+00
2.44977500E+00 0.00000000E+00
2.89786000E+00 0.00000000E+00
3.42790400E+00 0.00000000E+00
4.05489700E+00 0.00000000E+00
4.79657400E+00 0.00000000E+00
5.67390900E+00 0.00000000E+00
6.71171600E+00 0.00000000E+00
7.93934700E+00 0.00000000E+00
9.39152300E+00 0.00000000E+00
1.11093100E+01 0.00000000E+00
1.31413100E+01 0.00000000E+00
1.55449600E+01 0.00000000E+00
1.83882700E+01 0.00000000E+00
2.17516500E+01 0.00000000E+00
2.57302200E+01 1.06838600E-24
3.04365000E+01 1.00066800E-23
3.60036000E+01 1.53244300E-22
4.25889700E+01 6.46832200E-21
5.03788600E+01 2.69003500E-20
5.95936000E+01 1.24465300E-19
7.04937800E+01 4.25769300E-19
8.33877100E+01 1.21581800E-18
9.86400500E+01 2.81174400E-18
1.16682200E+02 5.66429700E-18
1.38024400E+02 1.01138500E-17
1.63270200E+02 1.63773200E-17
1.93133800E+02 2.45852300E-17
2.28459600E+02 3.44696600E-17
2.70246900E+02 4.61630100E-17
3.19677400E+02 5.92030000E-17
3.78149200E+02 7.32893700E-17
4.47315900E+02 8.83787500E-17
5.29133900E+02 1.03540200E-16
6.25917100E+02 1.18011700E-16
7.40402800E+02 1.32511900E-16
8.75828900E+02 1.45843500E-16
1.03602600E+03 1.57550300E-16
1.22552400E+03 1.67697100E-16
1.44968300E+03 1.76147400E-16
-----------------------

C29 N2 Excitation 9.66 eV (1/s)
-----------------------
2.07097500E+00 0.00000000E+00
2.44977500E+00 0.00000000E+00
2.89786000E+00 0.00000000E+00
3.42790400E+00 0.00000000E+00
4.05489700E+00 0.00000000E+00
4.79657400E+00 0.00000000E+00
5.67390900E+00 0.00000000E+00
6.71171600E+00 0.00000000E+00
7.93934700E+00 0.00000000E+00
9.39152300E+00 0.00000000E+00
1.11093100E+01 0.00000000E+00
1.31413100E+01 0.00000000E+00
1.55449600E+01 0.00000000E+00
1.83882700E+01 0.00000000E+00
2.17516500E+01 0.00000000E+00
2.57302200E+01 3.33680800E-23
3.04365000E+01 1.29654100E-22
3.60036000E+01 1.71970000E-21
4.25889700E+01 4.47349200E-20
5.03788600E+01 1.89260300E-19
5.95936000E+01 7.96536800E-19
7.04937800E+01 2.66750800E-18
8.33877100E+01 7.54564800E-18
9.86400500E+01 1.73951800E-17
1.16682200E+02 3.54349400E-17
1.38024400E+02 6.45037700E-17
1.63270200E+02 1.07204000E-16
1.93133800E+02 1.66154400E-16
2.28459600E+02 2.41193700E-16
2.70246900E+02 3.35548400E-16
3.19677400E+02 4.47795500E-16
3.78149200E+02 5.78812000E-16
4.47315900E+02 7.27600600E-16
5.29133900E+02 8.89093400E-16
6.25917100E+02 1.05520000E-15
7.40402800E+02 1.23593500E-15
8.75828900E+02 1.41649400E-15
1.03602600E+03 1.59046600E-15
1.22552400E+03 1.76072500E-15
1.44968300E+03 1.91899600E-15
-----------------------

C30 N2 Excitation 9.93 eV (1/s)
-----------------------
2.07097500E+00 0.00000000E+00
2.44977500E+00 0.00000000E+00
2.89786000E+00 0.00000000E+00
3.42790400E+00 0.00000000E+00
4.05489700E+00 0.00000000E+00
4.79657400E+00 0.00000000E+00
5.67390900E+00 0.00000000E+00
6.71171600E+00 0.00000000E+00
7.93934700E+00 0.00000000E+00
9.39152300E+00 0.00000000E+00
1.11093100E+01 0.00000000E+00
1.31413100E+01 0.00000000E+00
1.55449600E+01 0.00000000E+00
1.83882700E+01 0.00000000E+00
2.17516500E+01 0.00000000E+00
2.57302200E+01 1.35708300E-26
3.04365000E+01 1.75601100E-23
3.60036000E+01 2.84670300E-22
4.25889700E+01 1.40610200E-20
5.03788600E+01 5.72522700E-20
5.95936000E+01 2.79996200E-19
7.04937800E+01 1.01873400E-18
8.33877100E+01 3.07357100E-18
9.86400500E+01 7.39359100E-18
1.16682200E+02 1.55804000E-17
1.38024400E+02 2.90201600E-17
1.63270200E+02 4.88986000E-17
1.93133800E+02 7.61442300E-17
2.28459600E+02 1.10217600E-16
2.70246900E+02 1.51777400E-16
3.19677400E+02 1.99188900E-16
3.78149200E+02 2.51293500E-16
4.47315900E+02 3.07349100E-16
5.29133900E+02 3.63415500E-16
6.25917100E+02 4.16018900E-16
7.40402800E+02 4.67293600E-16
8.75828900E+02 5.11929800E-16
1.03602600E+03 5.48100400E-16
1.22552400E+03 5.75320100E-16
1.44968300E+03 5.93388900E-16
-----------------------

C31 N2 Excitation 10.17 eV (1/s)
-----------------------
2.07097500E+00 0.00000000E+00
2.44977500E+00 0.00000000E+00
2.89786000E+00 0.00000000E+00
3.42790400E+00 0.00000000E+00
4.05489700E+00 0.00000000E+00
4.79657400E+00 0.00000000E+00
5.67390900E+00 0.00000000E+00
6.71171600E+00 0.00000000E+00
7.93934700E+00 0.00000000E+00
9.39152300E+00 0.00000000E+00
1.11093100E+01 0.00000000E+00
1.31413100E+01 0.00000000E+00
1.55449600E+01 0.00000000E+00
1.83882700E+01 0.00000000E+00
2.17516500E+01 0.00000000E+00
2.57302200E+01 0.00000000E+00
3.04365000E+01 8.01784000E-24
3.60036000E+01 1.68865400E-22
4.25889700E+01 9.33258100E-21
5.03788600E+01 3.82467400E-20
5.95936000E+01 1.87064500E-19
7.04937800E+01 6.61525200E-19
8.33877100E+01 1.94250100E-18
9.86400500E+01 4.58212600E-18
1.16682200E+02 9.41416400E-18
1.38024400E+02 1.71121000E-17
1.63270200E+02 2.81683300E-17
1.93133800E+02 4.29304500E-17
2.28459600E+02 6.09963500E-17
2.70246900E+02 8.26691900E-17
3.19677400E+02 1.07118500E-16
3.78149200E+02 1.33778600E-16
4.47315900E+02 1.62430200E-16
5.29133900E+02 1.91153000E-16
6.25917100E+02 2.18360400E-16
7.40402800E+02 2.45157000E-16
8.75828900E+02 2.69028600E-16
1.03602600E+03 2.88974800E-16
1.22552400E+03 3.04829800E-16
1.44968300E+03 3.16400200E-16
-----------------------

C32 N2 Excitation 10.54 eV (1/s)
-----------------------
2.07097500E+00 0.00000000E+00
2.44977500E+00 0.00000000E+00
2.89786000E+00 0.00000000E+00
3.42790400E+00 0.00000000E+00
4.05489700E+00 0.00000000E+00
4.79657400E+00 0.00000000E+00
5.67390900E+00 0.00000000E+00
6.71171600E+00 0.00000000E+00
7.93934700E+00 0.00000000E+00
9.39152300E+00 0.00000000E+00
1.11093100E+01 0.00000000E+00
1.31413100E+01 0.00000000E+00
1.55449600E+01 0.00000000E+00
1.83882700E+01 0.00000000E+00
2.17516500E+01 0.00000000E+00
2.57302200E+01 0.00000000E+00
3.04365000E+01 1.84299000E-24
3.60036000E+01 8.30061800E-23
4.25889700E+01 7.46477800E-21
5.03788600E+01 2.95933700E-20
5.95936000E+01 1.60627200E-19
7.04937800E+01 6.07909900E-19
8.33877100E+01 1.87649200E-18
9.86400500E+01 4.57793300E-18
1.16682200E+02 9.68292800E-18
1.38024400E+02 1.80026900E-17
1.63270200E+02 3.01591100E-17
1.93133800E+02 4.66083000E-17
2.28459600E+02 6.68878300E-17
2.70246900E+02 9.13223100E-17
3.19677400E+02 1.19039400E-16
3.78149200E+02 1.49420400E-16
4.47315900E+02 1.82319600E-16
5.29133900E+02 2.15659400E-16
6.25917100E+02 2.47841400E-16
7.40402800E+02 2.80385900E-16
8.75828900E+02 3.10572600E-16
1.03602600E+03 3.37319300E-16
1.22552400E+03 3.60845600E-16
1.44968300E+03 3.80719300E-16
-----------------------

C33 N2 Excitation 11.19 eV (1/s)
-----------------------
2.07097500E+00 0.00000000E+00
2.44977500E+00 0.00000000E+00
2.89786000E+00 0.00000000E+00
3.42790400E+00 0.00000000E+00
4.05489700E+00 0.00000000E+00
4.79657400E+00 0.00000000E+00
5.67390900E+00 0.00000000E+00
6.71171600E+00 0.00000000E+00
7.93934700E+00 0.00000000E+00
9.39152300E+00 0.00000000E+00
1.11093100E+01 0.00000000E+00
1.31413100E+01 0.00000000E+00
1.55449600E+01 0.00000000E+00
1.83882700E+01 0.00000000E+00
2.17516500E+01 0.00000000E+00
2.57302200E+01 0.00000000E+00
3.04365000E+01 0.00000000E+00
3.60036000E+01 8.86910000E-23
4.25889700E+01 3.52411000E-20
5.03788600E+01 1.32637800E-19
5.95936000E+01 8.09518200E-19
7.04937800E+01 3.27009000E-18
8.33877100E+01 1.05568400E-17
9.86400500E+01 2.64258300E-17
1.16682200E+02 5.71298900E-17
1.38024400E+02 1.07778600E-16
1.63270200E+02 1.82302600E-16
1.93133800E+02 2.83117600E-16
2.28459600E+02 4.06757400E-16
2.70246900E+02 5.53916100E-16
3.19677400E+02 7.18129300E-16
3.78149200E+02 8.93554000E-16
4.47315900E+02 1.07931700E-15
5.29133900E+02 1.26074800E-15
6.25917100E+02 1.42827700E-15
7.40402800E+02 1.58867500E-15
8.75828900E+02 1.72648000E-15
1.03602600E+03 1.83619400E-15
1.22552400E+03 1.91643700E-15
1.44968300E+03 1.96842500E-15
-----------------------

C34 N2 Excitation 11.88 eV (1/s)
-----------------------
2.07097500E+00 0.00000000E+00
2.44977500E+00 0.00000000E+00
2.89786000E+00 0.00000000E+00
3.42790400E+00 0.00000000E+00
4.05489700E+00 0.00000000E+00
4.79657400E+00 0.00000000E+00
5.67390900E+00 0.00000000E+00
6.71171600E+00 0.00000000E+00
7.93934700E+00 0.00000000E+00
9.39152300E+00 0.00000000E+00
1.11093100E+01 0.00000000E+00
1.31413100E+01 0.00000000E+00
1.55449600E+01 0.00000000E+00
1.83882700E+01 0.00000000E+00
2.17516500E+01 0.00000000E+00
2.57302200E+01 0.00000000E+00
3.04365000E+01 0.00000000E+00
3.60036000E+01 0.00000000E+00
4.25889700E+01 1.14239100E-20
5.03788600E+01 5.56990100E-20
5.95936000E+01 2.76451400E-19
7.04937800E+01 9.27783200E-19
8.33877100E+01 2.49856200E-18
9.86400500E+01 5.52590200E-18
1.16682200E+02 1.05313300E-17
1.38024400E+02 1.76322300E-17
1.63270200E+02 2.67400600E-17
1.93133800E+02 3.74108700E-17
2.28459600E+02 4.94045200E-17
2.70246900E+02 6.23939700E-17
3.19677400E+02 7.62584500E-17
3.78149200E+02 9.03242500E-17
4.47315900E+02 1.04552300E-16
5.29133900E+02 1.18755500E-16
6.25917100E+02 1.31294500E-16
7.40402800E+02 1.43419900E-16
8.75828900E+02 1.53746200E-16
1.03602600E+03 1.61796500E-16
1.22552400E+03 1.67607600E-16
1.44968300E+03 1.70509000E-16
-----------------------

C35 N2 Excitation 12.29 eV (1/s)
-----------------------
2.07097500E+00 0.00000000E+00
2.44977500E+00 0.00000000E+00
2.89786000E+00 0.00000000E+00
3.42790400E+00 0.00000000E+00
4.05489700E+00 0.00000000E+00
4.79657400E+00 0.00000000E+00
5.67390900E+00 0.00000000E+00
6.71171600E+00 0.00000000E+00
7.93934700E+00 0.00000000E+00
9.39152300E+00 0.00000000E+00
1.11093100E+01 0.00000000E+00
1.31413100E+01 0.00000000E+00
1.55449600E+01 0.00000000E+00
1.83882700E+01 0.00000000E+00
2.17516500E+01 0.00000000E+00
2.57302200E+01 0.00000000E+00
3.04365000E+01 0.00000000E+00
3.60036000E+01 0.00000000E+00
4.25889700E+01 4.19461100E-22
5.03788600E+01 1.46761400E-21
5.95936000E+01 1.18762500E-20
7.04937800E+01 7.05586800E-20
8.33877100E+01 2.92475200E-19
9.86400500E+01 8.47342500E-19
1.16682200E+02 2.18203600E-18
1.38024400E+02 4.88065600E-18
1.63270200E+02 9.73367700E-18
1.93133800E+02 1.77402600E-17
2.28459600E+02 2.95951500E-17
2.70246900E+02 4.66366800E-17
3.19677400E+02 6.94827800E-17
3.78149200E+02 9.95116300E-17
4.47315900E+02 1.36387100E-16
5.29133900E+02 1.80222200E-16
6.25917100E+02 2.28975200E-16
7.40402800E+02 2.86186900E-16
8.75828900E+02 3.47570600E-16
1.03602600E+03 4.11075500E-16
1.22552400E+03 4.78133500E-16
1.44968300E+03 5.44480000E-16
-----------------------

C36 N2 Excitation 12.77 eV (1/s)
-----------------------
2.07097500E+00 0.00000000E+00
2.44977500E+00 0.00000000E+00
2.89786000E+00 0.00000000E+00
3.42790400E+00 0.00000000E+00
4.05489700E+00 0.00000000E+00
4.79657400E+00 0.00000000E+00
5.67390900E+00 0.00000000E+00
6.71171600E+00 0.00000000E+00
7.93934700E+00 0.00000000E+00
9.39152300E+00 0.00000000E+00
1.11093100E+01 0.00000000E+00
1.31413100E+01 0.00000000E+00
1.55449600E+01 0.00000000E+00
1.83882700E+01 0.00000000E+00
2.17516500E+01 0.00000000E+00
2.57302200E+01 0.00000000E+00
3.04365000E+01 0.00000000E+00
3.60036000E+01 0.00000000E+00
4.25889700E+01 5.41076100E-22
5.03788600E+01 1.71360200E-21
5.95936000E+01 1.61382500E-20
7.04937800E+01 1.03915000E-19
8.33877100E+01 4.58938900E-19
9.86400500E+01 1.37906200E-18
1.16682200E+02 3.71039900E-18
1.38024400E+02 8.73718800E-18
1.63270200E+02 1.84051800E-17
1.93133800E+02 3.56060300E-17
2.28459600E+02 6.30889400E-17
2.70246900E+02 1.05791400E-16
3.19677400E+02 1.68326000E-16
3.78149200E+02 2.58604400E-16
4.47315900E+02 3.77976200E-16
5.29133900E+02 5.33147700E-16
6.25917100E+02 7.20744700E-16
7.40402800E+02 9.59279100E-16
8.75828900E+02 1.23760000E-15
1.03602600E+03 1.55001300E-15
1.22552400E+03 1.91062200E-15
1.44968300E+03 2.29969900E-15
-----------------------

C37 N2 Excitation 12.95 eV (1/s)
-----------------------
2.07097500E+00 0.00000000E+00
2.44977500E+00 0.00000000E+00
2.89786000E+00 0.00000000E+00
3.42790400E+00 0.00000000E+00
4.05489700E+00 0.00000000E+00
4.79657400E+00 0.00000000E+00
5.67390900E+00 0.00000000E+00
6.71171600E+00 0.00000000E+00
7.93934700E+00 0.00000000E+00
9.39152300E+00 0.00000000E+00
1.11093100E+01 0.00000000E+00
1.31413100E+01 0.00000000E+00
1.55449600E+01 0.00000000E+00
1.83882700E+01 0.00000000E+00
2.17516500E+01 0.00000000E+00
2.57302200E+01 0.00000000E+00
3.04365000E+01 0.00000000E+00
3.60036000E+01 0.00000000E+00
4.25889700E+01 1.29081700E-22
5.03788600E+01 3.97832700E-22
5.95936000E+01 3.91257200E-21
7.04937800E+01 2.67116500E-20
8.33877100E+01 1.21269900E-19
9.86400500E+01 3.69269000E-19
1.16682200E+02 1.00820600E-18
1.38024400E+02 2.41435400E-18
1.63270200E+02 5.17587700E-18
1.93133800E+02 1.02283000E-17
2.28459600E+02 1.85575100E-17
2.70246900E+02 3.19404300E-17
3.19677400E+02 5.24681900E-17
3.78149200E+02 8.36535300E-17
4.47315900E+02 1.26803200E-16
5.29133900E+02 1.86325700E-16
6.25917100E+02 2.62583300E-16
7.40402800E+02 3.65718300E-16
8.75828900E+02 4.94436500E-16
1.03602600E+03 6.49644900E-16
1.22552400E+03 8.42493200E-16
1.44968300E+03 1.06763200E-15
-----------------------

C38 N2 Excitation 13.00 eV (1/s)
-----------------------
2.07097500E+00 0.00000000E+00
2.44977500E+00 0.00000000E+00
2.89786000E+00 0.00000000E+00
3.42790400E+00 0.00000000E+00
4.05489700E+00 0.00000000E+00
4.79657400E+00 0.00000000E+00
5.67390900E+00 0.00000000E+00
6.71171600E+00 0.00000000E+00
7.93934700E+00 0.00000000E+00
9.39152300E+00 0.00000000E+00
1.11093100E+01 0.00000000E+00
1.31413100E+01 0.00000000E+00
1.55449600E+01 0.00000000E+00
1.83882700E+01 0.00000000E+00
2.17516500E+01 0.00000000E+00
2.57302200E+01 0.00000000E+00
3.04365000E+01 0.00000000E+00
3.60036000E+01 0.00000000E+00
4.25889700E+01 1.57811700E-22
5.03788600E+01 4.85140700E-22
5.95936000E+01 4.80490000E-21
7.04937800E+01 3.28838000E-20
8.33877100E+01 1.45588400E-19
9.86400500E+01 4.32523200E-19
1.16682200E+02 1.14220900E-18
1.38024400E+02 2.60121200E-18
1.63270200E+02 5.25379400E-18
1.93133800E+02 9.65763600E-18
2.28459600E+02 1.62035200E-17
2.70246900E+02 2.56346400E-17
3.19677400E+02 3.82945600E-17
3.78149200E+02 5.49585300E-17
4.47315900E+02 7.54316100E-17
5.29133900E+02 9.97760700E-17
6.25917100E+02 1.26870000E-16
7.40402800E+02 1.58665100E-16
8.75828900E+02 1.92785400E-16
1.03602600E+03 2.28063300E-16
1.22552400E+03 2.65301000E-16
1.44968300E+03 3.02091900E-16
-----------------------

C39 N2 Excitation 13.09 eV (1/s)
-----------------------
2.07097500E+00 0.00000000E+00
2.44977500E+00 0.00000000E+00
2.89786000E+00 0.00000000E+00
3.42790400E+00 0.00000000E+00
4.05489700E+00 0.00000000E+00
4.79657400E+00 0.00000000E+00
5.67390900E+00 0.00000000E+00
6.71171600E+00 0.00000000E+00
7.93934700E+00 0.00000000E+00
9.39152300E+00 0.00000000E+00
1.11093100E+01 0.00000000E+00
1.31413100E+01 0.00000000E+00
1.55449600E+01 0.00000000E+00
1.83882700E+01 0.00000000E+00
2.17516500E+01 0.00000000E+00
2.57302200E+01 0.00000000E+00
3.04365000E+01 0.00000000E+00
3.60036000E+01 0.00000000E+00
4.25889700E+01 1.85992900E-22
5.03788600E+01 5.73100700E-22
5.95936000E+01 5.77056500E-21
7.04937800E+01 4.15322400E-20
8.33877100E+01 1.93383500E-19
9.86400500E+01 5.95267700E-19
1.16682200E+02 1.64404500E-18
1.38024400E+02 3.96707500E-18
1.63270200E+02 8.53827900E-18
1.93133800E+02 1.68652600E-17
2.28459600E+02 3.04752700E-17
2.70246900E+02 5.20692500E-17
3.19677400E+02 8.44815300E-17
3.78149200E+02 1.32403600E-16
4.47315900E+02 1.96933400E-16
5.29133900E+02 2.82445800E-16
6.25917100E+02 3.87564300E-16
7.40402800E+02 5.23081100E-16
8.75828900E+02 6.83192200E-16
1.03602600E+03 8.64594300E-16
1.22552400E+03 1.07593300E-15
1.44968300E+03 1.30527800E-15
-----------------------

C40 N2 Excitation 13.17 eV (1/s)
-----------------------
2.07097500E+00 0.00000000E+00
2.44977500E+00 0.00000000E+00
2.89786000E+00 0.00000000E+00
3.42790400E+00 0.00000000E+00
4.05489700E+00 0.00000000E+00
4.79657400E+00 0.00000000E+00
5.67390900E+00 0.00000000E+00
6.71171600E+00 0.00000000E+00
7.93934700E+00 0.00000000E+00
9.39152300E+00 0.00000000E+00
1.11093100E+01 0.00000000E+00
1.31413100E+01 0.00000000E+00
1.55449600E+01 0.00000000E+00
1.83882700E+01 0.00000000E+00
2.17516500E+01 0.00000000E+00
2.57302200E+01 0.00000000E+00
3.04365000E+01 0.00000000E+00
3.60036000E+01 0.00000000E+00
4.25889700E+01 5.88524900E-23
5.03788600E+01 1.85566400E-22
5.95936000E+01 1.88648400E-21
7.04937800E+01 1.37719800E-20
8.33877100E+01 6.30312100E-20
9.86400500E+01 1.90654200E-19
1.16682200E+02 5.14623500E-19
1.38024400E+02 1.20052100E-18
1.63270200E+02 2.48571900E-18
1.93133800E+02 4.69340400E-18
2.28459600E+02 8.08809000E-18
2.70246900E+02 1.31472200E-17
3.19677400E+02 2.01961500E-17
3.78149200E+02 2.98279900E-17
4.47315900E+02 4.19921700E-17
5.29133900E+02 5.68786500E-17
6.25917100E+02 7.38999200E-17
7.40402800E+02 9.42882100E-17
8.75828900E+02 1.16596200E-16
1.03602600E+03 1.39970200E-16
1.22552400E+03 1.64963000E-16
1.44968300E+03 1.89819900E-16
-----------------------

C41 N2 Excitation 13.37 eV (1/s)
-----------------------
2.07097500E+00 0.00000000E+00
2.44977500E+00 0.00000000E+00
2.89786000E+00 0.00000000E+00
3.42790400E+00 0.00000000E+00
4.05489700E+00 0.00000000E+00
4.79657400E+00 0.00000000E+00
5.67390900E+00 0.00000000E+00
6.71171600E+00 0.00000000E+00
7.93934700E+00 0.00000000E+00
9.39152300E+00 0.00000000E+00
1.11093100E+01 0.00000000E+00
1.31413100E+01 0.00000000E+00
1.55449600E+01 0.00000000E+00
1.83882700E+01 0.00000000E+00
2.17516500E+01 0.00000000E+00
2.57302200E+01 0.00000000E+00
3.04365000E+01 0.00000000E+00
3.60036000E+01 0.00000000E+00
4.25889700E+01 1.15451300E-22
5.03788600E+01 3.84220500E-22
5.95936000E+01 3.89911100E-21
7.04937800E+01 3.08622200E-20
8.33877100E+01 1.46332400E-19
9.86400500E+01 4.50885300E-19
1.16682200E+02 1.24205100E-18
1.38024400E+02 2.94715900E-18
1.63270200E+02 6.18284900E-18
1.93133800E+02 1.17864300E-17
2.28459600E+02 2.04502200E-17
2.70246900E+02 3.34378500E-17
3.19677400E+02 5.16814100E-17
3.78149200E+02 7.69984600E-17
4.47315900E+02 1.09594200E-16
5.29133900E+02 1.51101400E-16
6.25917100E+02 2.00604000E-16
7.40402800E+02 2.63575600E-16
8.75828900E+02 3.37679600E-16
1.03602600E+03 4.22768100E-16
1.22552400E+03 5.23679900E-16
1.44968300E+03 6.37071000E-16
-----------------------

C42 N2 Excitation 13.38 eV (1/s)
-----------------------
2.07097500E+00 0.00000000E+00
2.44977500E+00 0.00000000E+00
2.89786000E+00 0.00000000E+00
3.42790400E+00 0.00000000E+00
4.05489700E+00 0.00000000E+00
4.79657400E+00 0.00000000E+00
5.67390900E+00 0.00000000E+00
6.71171600E+00 0.00000000E+00
7.93934700E+00 0.00000000E+00
9.39152300E+00 0.00000000E+00
1.11093100E+01 0.00000000E+00
1.31413100E+01 0.00000000E+00
1.55449600E+01 0.00000000E+00
1.83882700E+01 0.00000000E+00
2.17516500E+01 0.00000000E+00
2.57302200E+01 0.00000000E+00
3.04365000E+01 0.00000000E+00
3.60036000E+01 0.00000000E+00
4.25889700E+01 8.75905500E-23
5.03788600E+01 2.92563800E-22
5.95936000E+01 2.96592500E-21
7.04937800E+01 2.39359300E-20
8.33877100E+01 1.16845700E-19
9.86400500E+01 3.67847600E-19
1.16682200E+02 1.04058500E-18
1.38024400E+02 2.55521000E-18
1.63270200E+02 5.56239400E-18
1.93133800E+02 1.10426900E-17
2.28459600E+02 1.99492600E-17
2.70246900E+02 3.39590500E-17
3.19677400E+02 5.46650300E-17
3.78149200E+02 8.47820500E-17
4.47315900E+02 1.24769700E-16
5.29133900E+02 1.76991100E-16
6.25917100E+02 2.40297300E-16
7.40402800E+02 3.21000800E-16
8.75828900E+02 4.15290100E-16
1.03602600E+03 5.21229600E-16
1.22552400E+03 6.43546800E-16
1.44968300E+03 7.75415700E-16
-----------------------

C43 N2 Excitation 13.56 eV (1/s)
-----------------------
2.07097500E+00 0.00000000E+00
2.44977500E+00 0.00000000E+00
2.89786000E+00 0.00000000E+00
3.42790400E+00 0.00000000E+00
4.05489700E+00 0.00000000E+00
4.79657400E+00 0.00000000E+00
5.67390900E+00 0.00000000E+00
6.71171600E+00 0.00000000E+00
7.93934700E+00 0.00000000E+00
9.39152300E+00 0.00000000E+00
1.11093100E+01 0.00000000E+00
1.31413100E+01 0.00000000E+00
1.55449600E+01 0.00000000E+00
1.83882700E+01 0.00000000E+00
2.17516500E+01 0.00000000E+00
2.57302200E+01 0.00000000E+00
3.04365000E+01 0.00000000E+00
3.60036000E+01 0.00000000E+00
4.25889700E+01 7.71531700E-23
5.03788600E+01 2.86299300E-22
5.95936000E+01 2.86799800E-21
7.04937800E+01 2.48136900E-20
8.33877100E+01 1.22454000E-19
9.86400500E+01 3.86477700E-19
1.16682200E+02 1.09489900E-18
1.38024400E+02 2.67932300E-18
1.63270200E+02 5.79670700E-18
1.93133800E+02 1.14151900E-17
2.28459600E+02 2.04501400E-17
2.70246900E+02 3.45126900E-17
3.19677400E+02 5.50880500E-17
3.78149200E+02 8.47293600E-17
4.47315900E+02 1.23837900E-16
5.29133900E+02 1.74557400E-16
6.25917100E+02 2.35730000E-16
7.40402800E+02 3.13394100E-16
8.75828900E+02 4.03859500E-16
1.03602600E+03 5.05261900E-16
1.22552400E+03 6.22201500E-16
1.44968300E+03 7.48219500E-16
-----------------------

C44 N2 Excitation 14.00 eV (1/s)
-----------------------
2.07097500E+00 0.00000000E+00
2.44977500E+00 0.00000000E+00
2.89786000E+00 0.00000000E+00
3.42790400E+00 0.00000000E+00
4.05489700E+00 0.00000000E+00
4.79657400E+00 0.00000000E+00
5.67390900E+00 0.00000000E+00
6.71171600E+00 0.00000000E+00
7.93934700E+00 0.00000000E+00
9.39152300E+00 0.00000000E+00
1.11093100E+01 0.00000000E+00
1.31413100E+01 0.00000000E+00
1.55449600E+01 0.00000000E+00
1.83882700E+01 0.00000000E+00
2.17516500E+01 0.00000000E+00
2.57302200E+01 0.00000000E+00
3.04365000E+01 0.00000000E+00
3.60036000E+01 0.00000000E+00
4.25889700E+01 1.54951800E-22
5.03788600E+01 1.17721800E-21
5.95936000E+01 1.02608500E-20
7.04937800E+01 1.12489400E-19
8.33877100E+01 6.14440000E-19
9.86400500E+01 2.04978500E-18
1.16682200E+02 6.16911200E-18
1.38024400E+02 1.59896700E-17
1.63270200E+02 3.63579700E-17
1.93133800E+02 7.47378200E-17
2.28459600E+02 1.38597100E-16
2.70246900E+02 2.40975800E-16
3.19677400E+02 3.94507500E-16
3.78149200E+02 6.21128900E-16
4.47315900E+02 9.25586900E-16
5.29133900E+02 1.33102400E-15
6.25917100E+02 1.83267200E-15
7.40402800E+02 2.48941900E-15
8.75828900E+02 3.28190700E-15
1.03602600E+03 4.20869000E-15
1.22552400E+03 5.32518100E-15
1.44968300E+03 6.59177600E-15
-----------------------

C45 N2 Excitation 14.20 eV (1/s)
-----------------------
2.07097500E+00 0.00000000E+00
2.44977500E+00 0.00000000E+00
2.89786000E+00 0.00000000E+00
3.42790400E+00 0.00000000E+00
4.05489700E+00 0.00000000E+00
4.79657400E+00 0.00000000E+00
5.67390900E+00 0.00000000E+00
6.71171600E+00 0.00000000E+00
7.93934700E+00 0.00000000E+00
9.39152300E+00 0.00000000E+00
1.11093100E+01 0.00000000E+00
1.31413100E+01 0.00000000E+00
1.55449600E+01 0.00000000E+00
1.83882700E+01 0.00000000E+00
2.17516500E+01 0.00000000E+00
2.57302200E+01 0.00000000E+00
3.04365000E+01 0.00000000E+00
3.60036000E+01 0.00000000E+00
4.25889700E+01 2.46688400E-22
5.03788600E+01 3.45916600E-21
5.95936000E+01 3.12034500E-20
7.04937800E+01 3.23951300E-19
8.33877100E+01 1.65021400E-18
9.86400500E+01 5.26049200E-18
1.16682200E+02 1.50603100E-17
1.38024400E+02 3.69473300E-17
1.63270200E+02 7.97773200E-17
1.93133800E+02 1.56341100E-16
2.28459600E+02 2.78520300E-16
2.70246900E+02 4.67070200E-16
3.19677400E+02 7.41421800E-16
3.78149200E+02 1.13530800E-15
4.47315900E+02 1.65580200E-15
5.29133900E+02 2.33527500E-15
6.25917100E+02 3.16340000E-15
7.40402800E+02 4.23173200E-15
8.75828900E+02 5.50248100E-15
1.03602600E+03 6.96631500E-15
1.22552400E+03 8.70578600E-15
1.44968300E+03 1.06510900E-14
-----------------------

C46 N2 Ionization 15.58 eV (1/s)
-----------------------
2.07097500E+00 0.00000000E+00
2.44977500E+00 0.00000000E+00
2.89786000E+00 0.00000000E+00
3.42790400E+00 0.00000000E+00
4.05489700E+00 0.00000000E+00
4.79657400E+00 0.00000000E+00
5.67390900E+00 0.00000000E+00
6.71171600E+00 0.00000000E+00
7.93934700E+00 0.00000000E+00
9.39152300E+00 0.00000000E+00
1.11093100E+01 0.00000000E+00
1.31413100E+01 0.00000000E+00
1.55449600E+01 0.00000000E+00
1.83882700E+01 0.00000000E+00
2.17516500E+01 0.00000000E+00
2.57302200E+01 0.00000000E+00
3.04365000E+01 0.00000000E+00
3.60036000E+01 0.00000000E+00
4.25889700E+01 0.00000000E+00
5.03788600E+01 2.85443500E-22
5.95936000E+01 2.67346300E-21
7.04937800E+01 5.53430200E-20
8.33877100E+01 4.14235200E-19
9.86400500E+01 1.56719700E-18
1.16682200E+02 5.33168400E-18
1.38024400E+02 1.56227700E-17
1.63270200E+02 3.93714000E-17
1.93133800E+02 8.91592400E-17
2.28459600E+02 1.80129100E-16
2.70246900E+02 3.39303800E-16
3.19677400E+02 6.03501600E-16
3.78149200E+02 1.03426300E-15
4.47315900E+02 1.66134600E-15
5.29133900E+02 2.58027900E-15
6.25917100E+02 3.82162400E-15
7.40402800E+02 5.59064000E-15
8.75828900E+02 7.91978100E-15
1.03602600E+03 1.08818400E-14
1.22552400E+03 1.47489100E-14
1.44968300E+03 1.94915400E-14
-----------------------

C47 O2 Attachment (1/s)
FACTOR: 1e-6
-----------------------
2.07097500E+00 1.30357300E-35
2.44977500E+00 1.22601800E-35
2.89786000E+00 1.13398800E-35
3.42790400E+00 1.03846200E-35
4.05489700E+00 9.49518600E-36
4.79657400E+00 8.67790700E-36
5.67390900E+00 7.99413900E-36
6.71171600E+00 7.42690200E-36
7.93934700E+00 7.00741600E-36
9.39152300E+00 6.64589600E-36
1.11093100E+01 6.34650700E-36
1.31413100E+01 6.15246700E-36
1.55449600E+01 5.93692500E-36
1.83882700E+01 5.78149200E-36
2.17516500E+01 5.64131700E-36
2.57302200E+01 5.48827000E-36
3.04365000E+01 5.36262300E-36
3.60036000E+01 5.20971600E-36
4.25889700E+01 4.99148400E-36
5.03788600E+01 4.76615500E-36
5.95936000E+01 4.45485500E-36
7.04937800E+01 4.03754800E-36
8.33877100E+01 3.55499300E-36
9.86400500E+01 3.03364700E-36
1.16682200E+02 2.54815100E-36
1.38024400E+02 2.12846400E-36
1.63270200E+02 1.78829900E-36
1.93133800E+02 1.52531700E-36
2.28459600E+02 1.32074600E-36
2.70246900E+02 1.16877300E-36
3.19677400E+02 1.04929300E-36
3.78149200E+02 9.58664000E-37
4.47315900E+02 8.88638000E-37
5.29133900E+02 8.39841500E-37
6.25917100E+02 8.02858300E-37
7.40402800E+02 7.81012800E-37
8.75828900E+02 7.69786800E-37
1.03602600E+03 7.66073400E-37
1.22552400E+03 7.71236300E-37
1.44968300E+03 7.85343300E-37
-----------------------

C48 O2 Attachment (1/s)
-----------------------
2.07097500E+00 0.00000000E+00
2.44977500E+00 0.00000000E+00
2.89786000E+00 0.00000000E+00
3.42790400E+00 0.00000000E+00
4.05489700E+00 0.00000000E+00
4.79657400E+00 0.00000000E+00
5.67390900E+00 0.00000000E+00
6.71171600E+00 0.00000000E+00
7.93934700E+00 0.00000000E+00
9.39152300E+00 0.00000000E+00
1.11093100E+01 0.00000000E+00
1.31413100E+01 0.00000000E+00
1.55449600E+01 0.00000000E+00
1.83882700E+01 0.00000000E+00
2.17516500E+01 0.00000000E+00
2.57302200E+01 6.78657700E-21
3.04365000E+01 3.36096800E-20
3.60036000E+01 9.84831300E-20
4.25889700E+01 4.35808000E-19
5.03788600E+01 1.23935800E-18
5.95936000E+01 3.12992700E-18
7.04937800E+01 6.42507400E-18
8.33877100E+01 1.10965000E-17
9.86400500E+01 1.67400800E-17
1.16682200E+02 2.25018200E-17
1.38024400E+02 2.75251800E-17
1.63270200E+02 3.15001300E-17
1.93133800E+02 3.41284000E-17
2.28459600E+02 3.56454900E-17
2.70246900E+02 3.60718300E-17
3.19677400E+02 3.58129400E-17
3.78149200E+02 3.48682400E-17
4.47315900E+02 3.33737000E-17
5.29133900E+02 3.14805500E-17
6.25917100E+02 2.94800700E-17
7.40402800E+02 2.72673500E-17
8.75828900E+02 2.48005200E-17
1.03602600E+03 2.24543200E-17
1.22552400E+03 2.01086400E-17
1.44968300E+03 1.77344500E-17
-----------------------

C49 O2 Elastic (1/s)
-----------------------
2.07097500E+00 1.98343600E-14
2.44977500E+00 2.20284500E-14
2.89786000E+00 2.45612200E-14
3.42790400E+00 2.72223900E-14
4.05489700E+00 2.97336400E-14
4.79657400E+00 3.20588600E-14
5.67390900E+00 3.40268300E-14
6.71171600E+00 3.57053100E-14
7.93934700E+00 3.69595700E-14
9.39152300E+00 3.80674600E-14
1.11093100E+01 3.89942200E-14
1.31413100E+01 3.95979300E-14
1.55449600E+01 4.02885600E-14
1.83882700E+01 4.07802800E-14
2.17516500E+01 4.12393700E-14
2.57302200E+01 4.17296600E-14
3.04365000E+01 4.21508600E-14
3.60036000E+01 4.26880400E-14
4.25889700E+01 4.35348700E-14
5.03788600E+01 4.46179200E-14
5.95936000E+01 4.64281600E-14
7.04937800E+01 4.92366600E-14
8.33877100E+01 5.29952500E-14
9.86400500E+01 5.75520300E-14
1.16682200E+02 6.24811800E-14
1.38024400E+02 6.74103900E-14
1.63270200E+02 7.21590500E-14
1.93133800E+02 7.66527100E-14
2.28459600E+02 8.08964400E-14
2.70246900E+02 8.50187100E-14
3.19677400E+02 8.90794600E-14
3.78149200E+02 9.31077400E-14
4.47315900E+02 9.71790500E-14
5.29133900E+02 1.01167700E-13
6.25917100E+02 1.05046200E-13
7.40402800E+02 1.08956600E-13
8.75828900E+02 1.12624800E-13
1.03602600E+03 1.15996500E-13
1.22552400E+03 1.19060500E-13
1.44968300E+03 1.21692400E-13
-----------------------

C50 O2 Excitation 0.02 eV (1/s)
-----------------------
2.07097500E+00 5.93227900E-17
2.44977500E+00 7.31132700E-17
2.89786000E+00 9.14722500E-17
3.42790400E+00 1.12729900E-16
4.05489700E+00 1.34708900E-16
4.79657400E+00 1.56200800E-16
5.67390900E+00 1.75668400E-16
6.71171600E+00 1.93131600E-16
7.93934700E+00 2.06575300E-16
9.39152300E+00 2.18989700E-16
1.11093100E+01 2.29529400E-16
1.31413100E+01 2.36808300E-16
1.55449600E+01 2.45199600E-16
1.83882700E+01 2.51264500E-16
2.17516500E+01 2.57285800E-16
2.57302200E+01 2.63819200E-16
3.04365000E+01 2.69527600E-16
3.60036000E+01 2.77053400E-16
4.25889700E+01 2.88668700E-16
5.03788600E+01 3.03625500E-16
5.95936000E+01 3.28234500E-16
7.04937800E+01 3.65728200E-16
8.33877100E+01 4.15022800E-16
9.86400500E+01 4.73712500E-16
1.16682200E+02 5.35848200E-16
1.38024400E+02 5.96542700E-16
1.63270200E+02 6.53538600E-16
1.93133800E+02 7.05985700E-16
2.28459600E+02 7.54277900E-16
2.70246900E+02 8.00008800E-16
3.19677400E+02 8.44310000E-16
3.78149200E+02 8.87825500E-16
4.47315900E+02 9.31734400E-16
5.29133900E+02 9.75308700E-16
6.25917100E+02 1.01888800E-15
7.40402800E+02 1.06475500E-15
8.75828900E+02 1.11047800E-15
1.03602600E+03 1.15603700E-15
1.22552400E+03 1.20215300E-15
1.44968300E+03 1.24705800E-15
-----------------------

C51 O2 Excitation 0.19 eV (1/s)
-----------------------
2.07097500E+00 3.14654400E-16
2.44977500E+00 3.46249900E-16
2.89786000E+00 3.65776600E-16
3.42790400E+00 3.74638900E-16
4.05489700E+00 3.72675400E-16
4.79657400E+00 3.64658400E-16
5.67390900E+00 3.52880000E-16
6.71171600E+00 3.38100200E-16
7.93934700E+00 3.26112900E-16
9.39152300E+00 3.13816600E-16
1.11093100E+01 3.02617700E-16
1.31413100E+01 2.94697600E-16
1.55449600E+01 2.85652300E-16
1.83882700E+01 2.78276100E-16
2.17516500E+01 2.71037100E-16
2.57302200E+01 2.64196200E-16
3.04365000E+01 2.58204900E-16
3.60036000E+01 2.49987600E-16
4.25889700E+01 2.45975400E-16
5.03788600E+01 2.52214200E-16
5.95936000E+01 2.76912400E-16
7.04937800E+01 3.37404800E-16
8.33877100E+01 4.39669300E-16
9.86400500E+01 5.83333200E-16
1.16682200E+02 7.58362000E-16
1.38024400E+02 9.42407600E-16
1.63270200E+02 1.11957600E-15
1.93133800E+02 1.27706000E-15
2.28459600E+02 1.40548300E-15
2.70246900E+02 1.50443100E-15
3.19677400E+02 1.57421000E-15
3.78149200E+02 1.61031200E-15
4.47315900E+02 1.62001800E-15
5.29133900E+02 1.60041900E-15
6.25917100E+02 1.56363900E-15
7.40402800E+02 1.50134400E-15
8.75828900E+02 1.42112100E-15
1.03602600E+03 1.33110200E-15
1.22552400E+03 1.22561700E-15
1.44968300E+03 1.11501900E-15
-----------------------

C52 O2 Excitation 0.56 eV (1/s)
-----------------------
2.07097500E+00 4.28601400E-17
2.44977500E+00 5.97671300E-17
2.89786000E+00 7.78503700E-17
3.42790400E+00 9.41071100E-17
4.05489700E+00 1.06535400E-16
4.79657400E+00 1.16057700E-16
5.67390900E+00 1.21989200E-16
6.71171600E+00 1.24759200E-16
7.93934700E+00 1.25871500E-16
9.39152300E+00 1.25577800E-16
1.11093100E+01 1.24831000E-16
1.31413100E+01 1.23500700E-16
1.55449600E+01 1.22097800E-16
1.83882700E+01 1.20187700E-16
2.17516500E+01 1.18071500E-16
2.57302200E+01 1.15970000E-16
3.04365000E+01 1.13886300E-16
3.60036000E+01 1.10857200E-16
4.25889700E+01 1.09935500E-16
5.03788600E+01 1.13281300E-16
5.95936000E+01 1.24420900E-16
7.04937800E+01 1.51387300E-16
8.33877100E+01 1.97331400E-16
9.86400500E+01 2.61720000E-16
1.16682200E+02 3.39987300E-16
1.38024400E+02 4.22747300E-16
1.63270200E+02 5.02533000E-16
1.93133800E+02 5.73783200E-16
2.28459600E+02 6.31965100E-16
2.70246900E+02 6.77062800E-16
3.19677400E+02 7.08952000E-16
3.78149200E+02 7.25626100E-16
4.47315900E+02 7.30519800E-16
5.29133900E+02 7.22348900E-16
6.25917100E+02 7.06377000E-16
7.40402800E+02 6.78939000E-16
8.75828900E+02 6.43723600E-16
1.03602600E+03 6.04059600E-16
1.22552400E+03 5.57558900E-16
1.44968300E+03 5.08773000E-16
-----------------------

C53 O2 Excitation 0.68 eV (1/s)
-----------------------
2.07097500E+00 4.59591300E-18
2.44977500E+00 7.97979400E-18
2.89786000E+00 1.24710800E-17
3.42790400E+00 1.73641500E-17
4.05489700E+00 2.19718000E-17
4.79657400E+00 2.61060300E-17
5.67390900E+00 2.93827000E-17
6.71171600E+00 3.18931600E-17
7.93934700E+00 3.34449900E-17
9.39152300E+00 3.45231600E-17
1.11093100E+01 3.53070300E-17
1.31413100E+01 3.54014700E-17
1.55449600E+01 3.56827100E-17
1.83882700E+01 3.54337400E-17
2.17516500E+01 3.52250200E-17
2.57302200E+01 3.48878900E-17
3.04365000E+01 3.43409000E-17
3.60036000E+01 3.37818600E-17
4.25889700E+01 3.42196500E-17
5.03788600E+01 3.63738100E-17
5.95936000E+01 4.30639500E-17
7.04937800E+01 5.81997900E-17
8.33877100E+01 8.42370000E-17
9.86400500E+01 1.21000500E-16
1.16682200E+02 1.66688700E-16
1.38024400E+02 2.15983800E-16
1.63270200E+02 2.64260500E-16
1.93133800E+02 3.08239600E-16
2.28459600E+02 3.44744600E-16
2.70246900E+02 3.73687200E-16
3.19677400E+02 3.94440300E-16
3.78149200E+02 4.05796600E-16
4.47315900E+02 4.09817800E-16
5.29133900E+02 4.05573400E-16
6.25917100E+02 3.96294700E-16
7.40402800E+02 3.79707300E-16
8.75828900E+02 3.58500800E-16
1.03602600E+03 3.34451000E-16
1.22552400E+03 3.06175400E-16
1.44968300E+03 2.76737800E-16
-----------------------

C54 O2 Excitation 0.79 eV (1/s)
-----------------------
2.07097500E+00 6.86903300E-19
2.44977500E+00 1.37164800E-18
2.89786000E+00 2.40153700E-18
3.42790400E+00 3.67910000E-18
4.05489700E+00 5.03952300E-18
4.79657400E+00 6.39089300E-18
5.67390900E+00 7.60060200E-18
6.71171600E+00 8.65072700E-18
7.93934700E+00 9.40723100E-18
9.39152300E+00 1.00533600E-17
1.11093100E+01 1.05522300E-17
1.31413100E+01 1.07888300E-17
1.55449600E+01 1.11009300E-17
1.83882700E+01 1.11723800E-17
2.17516500E+01 1.12549700E-17
2.57302200E+01 1.12899800E-17
3.04365000E+01 1.12032000E-17
3.60036000E+01 1.11672200E-17
4.25889700E+01 1.17602500E-17
5.03788600E+01 1.33214400E-17
5.95936000E+01 1.77748300E-17
7.04937800E+01 2.72564000E-17
8.33877100E+01 4.31826900E-17
9.86400500E+01 6.54460600E-17
1.16682200E+02 9.28121000E-17
1.38024400E+02 1.22055200E-16
1.63270200E+02 1.50382200E-16
1.93133800E+02 1.75882700E-16
2.28459600E+02 1.96697000E-16
2.70246900E+02 2.12851000E-16
3.19677400E+02 2.24046100E-16
3.78149200E+02 2.29680300E-16
4.47315900E+02 2.30922800E-16
5.29133900E+02 2.27447200E-16
6.25917100E+02 2.21090000E-16
7.40402800E+02 2.10620800E-16
8.75828900E+02 1.97675000E-16
1.03602600E+03 1.83289800E-16
1.22552400E+03 1.66717100E-16
1.44968300E+03 1.49689800E-16
-----------------------

C55 O2 Excitation 0.98 eV (1/s)
-----------------------
2.07097500E+00 8.42557000E-19
2.44977500E+00 1.82739300E-18
2.89786000E+00 3.43609300E-18
3.42790400E+00 5.58123700E-18
4.05489700E+00 8.09151700E-18
4.79657400E+00 1.07904600E-17
5.67390900E+00 1.34815400E-17
6.71171600E+00 1.61337900E-17
7.93934700E+00 1.83765200E-17
9.39152300E+00 2.06429200E-17
1.11093100E+01 2.26917000E-17
1.31413100E+01 2.43974100E-17
1.55449600E+01 2.63381400E-17
1.83882700E+01 2.80263400E-17
2.17516500E+01 2.98454700E-17
2.57302200E+01 3.20906800E-17
3.04365000E+01 3.47260000E-17
3.60036000E+01 3.88040400E-17
4.25889700E+01 4.75797200E-17
5.03788600E+01 6.39008200E-17
5.95936000E+01 9.62658300E-17
7.04937800E+01 1.51031000E-16
8.33877100E+01 2.27892000E-16
9.86400500E+01 3.23426200E-16
1.16682200E+02 4.27410200E-16
1.38024400E+02 5.29531300E-16
1.63270200E+02 6.24458000E-16
1.93133800E+02 7.08830500E-16
2.28459600E+02 7.81934200E-16
2.70246900E+02 8.45298100E-16
3.19677400E+02 9.00003300E-16
3.78149200E+02 9.45408000E-16
4.47315900E+02 9.83303100E-16
5.29133900E+02 1.01154700E-15
6.25917100E+02 1.03254500E-15
7.40402800E+02 1.04489200E-15
8.75828900E+02 1.04756700E-15
1.03602600E+03 1.04286500E-15
1.22552400E+03 1.02857000E-15
1.44968300E+03 1.00679200E-15
-----------------------

C56 O2 Excitation 1.63 eV (1/s)
-----------------------
2.07097500E+00 2.39567300E-21
2.44977500E+00 7.77085500E-21
2.89786000E+00 2.20989900E-20
3.42790400E+00 4.92381400E-20
4.05489700E+00 9.62837800E-20
4.79657400E+00 1.61411500E-19
5.67390900E+00 2.48960100E-19
6.71171600E+00 3.59786600E-19
7.93934700E+00 4.80776700E-19
9.39152300E+00 6.28042900E-19
1.11093100E+01 7.87437300E-19
1.31413100E+01 9.68848000E-19
1.55449600E+01 1.17908000E-18
1.83882700E+01 1.40944000E-18
2.17516500E+01 1.69043100E-18
2.57302200E+01 2.07676800E-18
3.04365000E+01 2.63077100E-18
3.60036000E+01 3.55722900E-18
4.25889700E+01 5.71624000E-18
5.03788600E+01 9.97496800E-18
5.95936000E+01 1.84966300E-17
7.04937800E+01 3.29020200E-17
8.33877100E+01 5.29583100E-17
9.86400500E+01 7.76834300E-17
1.16682200E+02 1.04263700E-16
1.38024400E+02 1.30020600E-16
1.63270200E+02 1.53711600E-16
1.93133800E+02 1.74595500E-16
2.28459600E+02 1.92735000E-16
2.70246900E+02 2.08631500E-16
3.19677400E+02 2.22764000E-16
3.78149200E+02 2.35126700E-16
4.47315900E+02 2.46090200E-16
5.29133900E+02 2.55181100E-16
6.25917100E+02 2.62878900E-16
7.40402800E+02 2.68950400E-16
8.75828900E+02 2.72852800E-16
1.03602600E+03 2.75049200E-16
1.22552400E+03 2.75087800E-16
1.44968300E+03 2.73238300E-16
-----------------------

C57 O2 Excitation 4.50 eV (1/s)
-----------------------
2.07097500E+00 0.00000000E+00
2.44977500E+00 0.00000000E+00
2.89786000E+00 0.00000000E+00
3.42790400E+00 0.00000000E+00
4.05489700E+00 0.00000000E+00
4.79657400E+00 0.00000000E+00
5.67390900E+00 0.00000000E+00
6.71171600E+00 0.00000000E+00
7.93934700E+00 0.00000000E+00
9.39152300E+00 0.00000000E+00
1.11093100E+01 0.00000000E+00
1.31413100E+01 0.00000000E+00
1.55449600E+01 0.00000000E+00
1.83882700E+01 0.00000000E+00
2.17516500E+01 0.00000000E+00
2.57302200E+01 6.13185600E-20
3.04365000E+01 2.55909600E-19
3.60036000E+01 7.07817900E-19
4.25889700E+01 3.61740100E-18
5.03788600E+01 1.10727800E-17
5.95936000E+01 2.92220800E-17
7.04937800E+01 6.39759700E-17
8.33877100E+01 1.17557400E-16
9.86400500E+01 1.87917200E-16
1.16682200E+02 2.68935700E-16
1.38024400E+02 3.50712800E-16
1.63270200E+02 4.27004100E-16
1.93133800E+02 4.93206800E-16
2.28459600E+02 5.47024500E-16
2.70246900E+02 5.88769200E-16
3.19677400E+02 6.19769300E-16
3.78149200E+02 6.38685300E-16
4.47315900E+02 6.48240500E-16
5.29133900E+02 6.47645900E-16
6.25917100E+02 6.41376400E-16
7.40402800E+02 6.27042900E-16
8.75828900E+02 6.06317600E-16
1.03602600E+03 5.82381700E-16
1.22552400E+03 5.53432700E-16
1.44968300E+03 5.22134900E-16
-----------------------

C58 O2 Excitation 6.10 eV (1/s)
-----------------------
2.07097500E+00 0.00000000E+00
2.44977500E+00 0.00000000E+00
2.89786000E+00 0.00000000E+00
3.42790400E+00 0.00000000E+00
4.05489700E+00 0.00000000E+00
4.79657400E+00 0.00000000E+00
5.67390900E+00 0.00000000E+00
6.71171600E+00 0.00000000E+00
7.93934700E+00 0.00000000E+00
9.39152300E+00 0.00000000E+00
1.11093100E+01 0.00000000E+00
1.31413100E+01 0.00000000E+00
1.55449600E+01 0.00000000E+00
1.83882700E+01 0.00000000E+00
2.17516500E+01 0.00000000E+00
2.57302200E+01 9.47324200E-20
3.04365000E+01 3.24771200E-19
3.60036000E+01 7.85873200E-19
4.25889700E+01 5.02516500E-18
5.03788600E+01 1.66456700E-17
5.95936000E+01 4.62057100E-17
7.04937800E+01 1.07521300E-16
8.33877100E+01 2.08597900E-16
9.86400500E+01 3.49834300E-16
1.16682200E+02 5.25281100E-16
1.38024400E+02 7.17431700E-16
1.63270200E+02 9.11646600E-16
1.93133800E+02 1.09787400E-15
2.28459600E+02 1.26477400E-15
2.70246900E+02 1.41279400E-15
3.19677400E+02 1.53926200E-15
3.78149200E+02 1.63844400E-15
4.47315900E+02 1.71746100E-15
5.29133900E+02 1.76924700E-15
6.25917100E+02 1.80189300E-15
7.40402800E+02 1.81073700E-15
8.75828900E+02 1.79980500E-15
1.03602600E+03 1.77246600E-15
1.22552400E+03 1.72512700E-15
1.44968300E+03 1.66730500E-15
-----------------------

C59 O2 Excitation 8.40 eV (1/s)
-----------------------
2.07097500E+00 0.00000000E+00
2.44977500E+00 0.00000000E+00
2.89786000E+00 0.00000000E+00
3.42790400E+00 0.00000000E+00
4.05489700E+00 0.00000000E+00
4.79657400E+00 0.00000000E+00
5.67390900E+00 0.00000000E+00
6.71171600E+00 0.00000000E+00
7.93934700E+00 0.00000000E+00
9.39152300E+00 0.00000000E+00
1.11093100E+01 0.00000000E+00
1.31413100E+01 0.00000000E+00
1.55449600E+01 0.00000000E+00
1.83882700E+01 0.00000000E+00
2.17516500E+01 0.00000000E+00
2.57302200E+01 1.14456800E-20
3.04365000E+01 2.69268100E-20
3.60036000E+01 1.18648300E-19
4.25889700E+01 1.65079800E-18
5.03788600E+01 6.88676400E-18
5.95936000E+01 2.39720100E-17
7.04937800E+01 7.09804800E-17
8.33877100E+01 1.77402300E-16
9.86400500E+01 3.71396500E-16
1.16682200E+02 6.91123400E-16
1.38024400E+02 1.16079300E-15
1.63270200E+02 1.79553600E-15
1.93133800E+02 2.61328200E-15
2.28459600E+02 3.59594600E-15
2.70246900E+02 4.77913400E-15
3.19677400E+02 6.13873100E-15
3.78149200E+02 7.68490800E-15
4.47315900E+02 9.42000100E-15
5.29133900E+02 1.12937000E-14
6.25917100E+02 1.32318700E-14
7.40402800E+02 1.53653600E-14
8.75828900E+02 1.75505300E-14
1.03602600E+03 1.97301100E-14
1.22552400E+03 2.19627600E-14
1.44968300E+03 2.41622400E-14
-----------------------

C60 O2 Excitation 9.30 eV (1/s)
-----------------------
2.07097500E+00 0.00000000E+00
2.44977500E+00 0.00000000E+00
2.89786000E+00 0.00000000E+00
3.42790400E+00 0.00000000E+00
4.05489700E+00 0.00000000E+00
4.79657400E+00 0.00000000E+00
5.67390900E+00 0.00000000E+00
6.71171600E+00 0.00000000E+00
7.93934700E+00 0.00000000E+00
9.39152300E+00 0.00000000E+00
1.11093100E+01 0.00000000E+00
1.31413100E+01 0.00000000E+00
1.55449600E+01 0.00000000E+00
1.83882700E+01 0.00000000E+00
2.17516500E+01 0.00000000E+00
2.57302200E+01 1.46891100E-22
3.04365000E+01 4.06240600E-22
3.60036000E+01 3.72721800E-21
4.25889700E+01 8.86063700E-20
5.03788600E+01 3.74670500E-19
5.95936000E+01 1.52567700E-18
7.04937800E+01 4.93417600E-18
8.33877100E+01 1.34743500E-17
9.86400500E+01 3.02299200E-17
1.16682200E+02 5.97708000E-17
1.38024400E+02 1.05830700E-16
1.63270200E+02 1.71462900E-16
1.93133800E+02 2.59841300E-16
2.28459600E+02 3.70293500E-16
2.70246900E+02 5.07629100E-16
3.19677400E+02 6.70342600E-16
3.78149200E+02 8.60880200E-16
4.47315900E+02 1.07919500E-15
5.29133900E+02 1.32069700E-15
6.25917100E+02 1.57546300E-15
7.40402800E+02 1.86167900E-15
8.75828900E+02 2.15996500E-15
1.03602600E+03 2.46222500E-15
1.22552400E+03 2.77688900E-15
1.44968300E+03 3.08953700E-15
-----------------------

C61 O2 Ionization 12.07 eV (1/s)
-----------------------
2.07097500E+00 0.00000000E+00
2.44977500E+00 0.00000000E+00
2.89786000E+00 0.00000000E+00
3.42790400E+00 0.00000000E+00
4.05489700E+00 0.00000000E+00
4.79657400E+00 0.00000000E+00
5.67390900E+00 0.00000000E+00
6.71171600E+00 0.00000000E+00
7.93934700E+00 0.00000000E+00
9.39152300E+00 0.00000000E+00
1.11093100E+01 0.00000000E+00
1.31413100E+01 0.00000000E+00
1.55449600E+01 0.00000000E+00
1.83882700E+01 0.00000000E+00
2.17516500E+01 0.00000000E+00
2.57302200E+01 0.00000000E+00
3.04365000E+01 0.00000000E+00
3.60036000E+01 0.00000000E+00
4.25889700E+01 4.88261900E-21
5.03788600E+01 1.67297900E-20
5.95936000E+01 1.27895100E-19
7.04937800E+01 6.83296600E-19
8.33877100E+01 2.71626800E-18
9.86400500E+01 7.74451300E-18
1.16682200E+02 1.96697500E-17
1.38024400E+02 4.41041600E-17
1.63270200E+02 8.92661500E-17
1.93133800E+02 1.67820000E-16
2.28459600E+02 2.92382700E-16
2.70246900E+02 4.87226600E-16
3.19677400E+02 7.82227000E-16
3.78149200E+02 1.23013900E-15
4.47315900E+02 1.85784000E-15
5.29133900E+02 2.74990100E-15
6.25917100E+02 3.93549800E-15
7.40402800E+02 5.61558400E-15
8.75828900E+02 7.83126500E-15
1.03602600E+03 1.06720700E-14
1.22552400E+03 1.44174700E-14
1.44968300E+03 1.90785000E-14
-----------------------

