nitrogen:oxygen:methane as 0.715:0.19:0.095

Mobility *N (1/m/V/s)
COMMENT: generated by bolsig_convert.py
-----------------------
1.000000000000000056e-01 1.670000000000000085e+25
1.233000000000000068e-01 1.602999999999999935e+25
1.519999999999999962e-01 1.535000000000000084e+25
1.874000000000000110e-01 1.467000000000000019e+25
2.310000000000000109e-01 1.398000000000000038e+25
2.847999999999999976e-01 1.327999999999999926e+25
3.511000000000000232e-01 1.258999999999999945e+25
4.329000000000000070e-01 1.189000000000000048e+25
5.336999999999999522e-01 1.118999999999999937e+25
6.579000000000000403e-01 1.049999999999999956e+25
8.111000000000000432e-01 9.804999999999999092e+24
1.000000000000000000e+00 9.115000000000000354e+24
1.233000000000000096e+00 8.430999999999999608e+24
1.520000000000000018e+00 7.753000000000000073e+24
1.874000000000000110e+00 7.082000000000000164e+24
2.310000000000000053e+00 6.411000000000000254e+24
2.847999999999999865e+00 5.726999999999999507e+24
3.511000000000000121e+00 5.026999999999999465e+24
4.328999999999999737e+00 4.339000000000000237e+24
5.336999999999999744e+00 3.712999999999999755e+24
6.578999999999999737e+00 3.190000000000000038e+24
8.111000000000000654e+00 2.781000000000000266e+24
1.000000000000000000e+01 2.471000000000000094e+24
1.233000000000000007e+01 2.236000000000000042e+24
1.519999999999999929e+01 2.056999999999999939e+24
1.873999999999999844e+01 1.915999999999999908e+24
2.310000000000000142e+01 1.801999999999999962e+24
2.848000000000000043e+01 1.705999999999999895e+24
3.510999999999999943e+01 1.616999999999999990e+24
4.328999999999999915e+01 1.531999999999999908e+24
5.336999999999999744e+01 1.446000000000000071e+24
6.579000000000000625e+01 1.358999999999999943e+24
8.110999999999999943e+01 1.272000000000000084e+24
1.000000000000000000e+02 1.189000000000000048e+24
1.232999999999999972e+02 1.115999999999999975e+24
1.520000000000000000e+02 1.050999999999999952e+24
1.874000000000000057e+02 9.939999999999999790e+23
2.310000000000000000e+02 9.414999999999999759e+23
2.848000000000000114e+02 8.930000000000000650e+23
3.511000000000000227e+02 8.469999999999999434e+23
4.328999999999999773e+02 8.029000000000000535e+23
5.337000000000000455e+02 7.601000000000000325e+23
6.578999999999999773e+02 7.181999999999999518e+23
8.111000000000000227e+02 6.771999999999999455e+23
1.000000000000000000e+03 6.366999999999999507e+23
-----------------------

Diffusion coefficient *N (1/m/s)
COMMENT: generated by bolsig_convert.py
-----------------------
1.000000000000000056e-01 1.137999999999999945e+24
1.233000000000000068e-01 1.150999999999999977e+24
1.519999999999999962e-01 1.162999999999999985e+24
1.874000000000000110e-01 1.176000000000000017e+24
2.310000000000000109e-01 1.189999999999999937e+24
2.847999999999999976e-01 1.203999999999999992e+24
3.511000000000000232e-01 1.217999999999999912e+24
4.329000000000000070e-01 1.231999999999999966e+24
5.336999999999999522e-01 1.248000000000000067e+24
6.579000000000000403e-01 1.263999999999999899e+24
8.111000000000000432e-01 1.282000000000000046e+24
1.000000000000000000e+00 1.300999999999999948e+24
1.233000000000000096e+00 1.322999999999999918e+24
1.520000000000000018e+00 1.350000000000000004e+24
1.874000000000000110e+00 1.382999999999999960e+24
2.310000000000000053e+00 1.427999999999999925e+24
2.847999999999999865e+00 1.491000000000000036e+24
3.511000000000000121e+00 1.575000000000000094e+24
4.328999999999999737e+00 1.674999999999999985e+24
5.336999999999999744e+00 1.776999999999999922e+24
6.578999999999999737e+00 1.865000000000000073e+24
8.111000000000000654e+00 1.932000000000000008e+24
1.000000000000000000e+01 1.979000000000000019e+24
1.233000000000000007e+01 2.008999999999999906e+24
1.519999999999999929e+01 2.027000000000000052e+24
1.873999999999999844e+01 2.034999999999999969e+24
2.310000000000000142e+01 2.037000000000000015e+24
2.848000000000000043e+01 2.033999999999999945e+24
3.510999999999999943e+01 2.030000000000000122e+24
4.328999999999999915e+01 2.035999999999999992e+24
5.336999999999999744e+01 2.078999999999999910e+24
6.579000000000000625e+01 2.196999999999999948e+24
8.110999999999999943e+01 2.416999999999999922e+24
1.000000000000000000e+02 2.719999999999999933e+24
1.232999999999999972e+02 3.066999999999999885e+24
1.520000000000000000e+02 3.413999999999999836e+24
1.874000000000000057e+02 3.744999999999999956e+24
2.310000000000000000e+02 4.062999999999999776e+24
2.848000000000000114e+02 4.381000000000000132e+24
3.511000000000000227e+02 4.713999999999999761e+24
4.328999999999999773e+02 5.074000000000000013e+24
5.337000000000000455e+02 5.477000000000000182e+24
6.578999999999999773e+02 5.930999999999999918e+24
8.111000000000000227e+02 6.455999999999999681e+24
1.000000000000000000e+03 7.063000000000000262e+24
-----------------------

Townsend ioniz. coef. alpha/N (m2)
AIRFUEL
COMMENT: generated by bolsig_convert.py
-----------------------
1.000000000000000056e-01 0.000000000000000000e+00
1.233000000000000068e-01 0.000000000000000000e+00
1.519999999999999962e-01 0.000000000000000000e+00
1.874000000000000110e-01 0.000000000000000000e+00
2.310000000000000109e-01 0.000000000000000000e+00
2.847999999999999976e-01 0.000000000000000000e+00
3.511000000000000232e-01 0.000000000000000000e+00
4.329000000000000070e-01 0.000000000000000000e+00
5.336999999999999522e-01 0.000000000000000000e+00
6.579000000000000403e-01 0.000000000000000000e+00
8.111000000000000432e-01 0.000000000000000000e+00
1.000000000000000000e+00 0.000000000000000000e+00
1.233000000000000096e+00 0.000000000000000000e+00
1.520000000000000018e+00 0.000000000000000000e+00
1.874000000000000110e+00 0.000000000000000000e+00
2.310000000000000053e+00 0.000000000000000000e+00
2.847999999999999865e+00 0.000000000000000000e+00
3.511000000000000121e+00 0.000000000000000000e+00
4.328999999999999737e+00 0.000000000000000000e+00
5.336999999999999744e+00 0.000000000000000000e+00
6.578999999999999737e+00 0.000000000000000000e+00
8.111000000000000654e+00 0.000000000000000000e+00
1.000000000000000000e+01 0.000000000000000000e+00
1.233000000000000007e+01 0.000000000000000000e+00
1.519999999999999929e+01 0.000000000000000000e+00
1.873999999999999844e+01 0.000000000000000000e+00
2.310000000000000142e+01 7.278000000000000384e-32
2.848000000000000043e+01 9.734000000000000363e-30
3.510999999999999943e+01 4.339000000000000278e-28
4.328999999999999915e+01 9.534000000000000671e-27
5.336999999999999744e+01 1.205000000000000032e-25
6.579000000000000625e+01 9.809999999999999775e-25
8.110999999999999943e+01 5.548999999999999901e-24
1.000000000000000000e+02 2.313999999999999987e-23
1.232999999999999972e+02 7.537000000000000003e-23
1.520000000000000000e+02 2.018000000000000061e-22
1.874000000000000057e+02 4.642000000000000390e-22
2.310000000000000000e+02 9.474999999999999702e-22
2.848000000000000114e+02 1.756000000000000171e-21
3.511000000000000227e+02 3.000999999999999974e-21
4.328999999999999773e+02 4.785999999999999723e-21
5.337000000000000455e+02 7.186999999999999715e-21
6.578999999999999773e+02 1.023999999999999959e-20
8.111000000000000227e+02 1.394000000000000055e-20
1.000000000000000000e+03 1.822000000000000060e-20
-----------------------
