Townsend ioniz. coef. alpha/N (m2)
COMMENT: generated by bolsig_convert.py
-----------------------
1.000000000000000021e-02 0.000000000000000000e+00
1.025000000000000043e-02 0.000000000000000000e+00
1.050000000000000065e-02 0.000000000000000000e+00
1.076000000000000047e-02 0.000000000000000000e+00
1.102999999999999987e-02 0.000000000000000000e+00
1.129999999999999928e-02 0.000000000000000000e+00
1.158000000000000002e-02 0.000000000000000000e+00
1.187000000000000034e-02 0.000000000000000000e+00
1.216000000000000067e-02 0.000000000000000000e+00
1.246000000000000059e-02 0.000000000000000000e+00
1.277000000000000010e-02 0.000000000000000000e+00
1.308999999999999921e-02 0.000000000000000000e+00
1.341000000000000004e-02 0.000000000000000000e+00
1.374000000000000048e-02 0.000000000000000000e+00
1.408000000000000050e-02 0.000000000000000000e+00
1.443000000000000012e-02 0.000000000000000000e+00
1.478999999999999933e-02 0.000000000000000000e+00
1.515999999999999986e-02 0.000000000000000000e+00
1.553000000000000040e-02 0.000000000000000000e+00
1.592000000000000012e-02 0.000000000000000000e+00
1.631000000000000158e-02 0.000000000000000000e+00
1.670999999999999916e-02 0.000000000000000000e+00
1.712999999999999939e-02 0.000000000000000000e+00
1.754999999999999963e-02 0.000000000000000000e+00
1.798999999999999905e-02 0.000000000000000000e+00
1.842999999999999847e-02 0.000000000000000000e+00
1.889000000000000054e-02 0.000000000000000000e+00
1.935999999999999874e-02 0.000000000000000000e+00
1.984000000000000000e-02 0.000000000000000000e+00
2.033000000000000085e-02 0.000000000000000000e+00
2.083000000000000129e-02 0.000000000000000000e+00
2.135000000000000092e-02 0.000000000000000000e+00
2.187000000000000055e-02 0.000000000000000000e+00
2.241999999999999896e-02 0.000000000000000000e+00
2.297000000000000083e-02 0.000000000000000000e+00
2.353999999999999843e-02 0.000000000000000000e+00
2.411999999999999908e-02 0.000000000000000000e+00
2.471999999999999892e-02 0.000000000000000000e+00
2.532999999999999835e-02 0.000000000000000000e+00
2.596000000000000044e-02 0.000000000000000000e+00
2.659999999999999865e-02 0.000000000000000000e+00
2.725999999999999951e-02 0.000000000000000000e+00
2.793999999999999956e-02 0.000000000000000000e+00
2.862999999999999920e-02 0.000000000000000000e+00
2.934000000000000150e-02 0.000000000000000000e+00
3.005999999999999991e-02 0.000000000000000000e+00
3.081000000000000058e-02 0.000000000000000000e+00
3.157000000000000084e-02 0.000000000000000000e+00
3.234999999999999681e-02 0.000000000000000000e+00
3.314999999999999891e-02 0.000000000000000000e+00
3.398000000000000326e-02 0.000000000000000000e+00
3.481999999999999679e-02 0.000000000000000000e+00
3.568000000000000338e-02 0.000000000000000000e+00
3.656000000000000222e-02 0.000000000000000000e+00
3.747000000000000330e-02 0.000000000000000000e+00
3.839999999999999664e-02 0.000000000000000000e+00
3.935000000000000303e-02 0.000000000000000000e+00
4.032000000000000167e-02 0.000000000000000000e+00
4.132000000000000256e-02 0.000000000000000000e+00
4.234000000000000263e-02 0.000000000000000000e+00
4.338999999999999801e-02 0.000000000000000000e+00
4.447000000000000258e-02 0.000000000000000000e+00
4.556999999999999940e-02 0.000000000000000000e+00
4.669000000000000233e-02 0.000000000000000000e+00
4.784999999999999670e-02 0.000000000000000000e+00
4.904000000000000026e-02 0.000000000000000000e+00
5.025000000000000300e-02 0.000000000000000000e+00
5.149000000000000105e-02 0.000000000000000000e+00
5.276999999999999746e-02 0.000000000000000000e+00
5.408000000000000307e-02 0.000000000000000000e+00
5.541999999999999704e-02 0.000000000000000000e+00
5.679000000000000020e-02 0.000000000000000000e+00
5.818999999999999867e-02 0.000000000000000000e+00
5.963999999999999857e-02 0.000000000000000000e+00
6.110999999999999766e-02 0.000000000000000000e+00
6.263000000000000511e-02 0.000000000000000000e+00
6.418000000000000094e-02 0.000000000000000000e+00
6.575999999999999901e-02 0.000000000000000000e+00
6.739000000000000545e-02 0.000000000000000000e+00
6.905999999999999639e-02 0.000000000000000000e+00
7.076999999999999957e-02 0.000000000000000000e+00
7.252999999999999725e-02 0.000000000000000000e+00
7.431999999999999718e-02 0.000000000000000000e+00
7.616000000000000547e-02 0.000000000000000000e+00
7.804999999999999438e-02 0.000000000000000000e+00
7.997999999999999554e-02 0.000000000000000000e+00
8.196000000000000507e-02 0.000000000000000000e+00
8.398999999999999522e-02 0.000000000000000000e+00
8.606999999999999373e-02 0.000000000000000000e+00
8.820000000000000062e-02 0.000000000000000000e+00
9.038999999999999813e-02 0.000000000000000000e+00
9.261999999999999400e-02 0.000000000000000000e+00
9.492000000000000437e-02 0.000000000000000000e+00
9.726999999999999535e-02 0.000000000000000000e+00
9.968000000000000471e-02 0.000000000000000000e+00
1.020999999999999963e-01 0.000000000000000000e+00
1.047000000000000014e-01 0.000000000000000000e+00
1.073000000000000065e-01 0.000000000000000000e+00
1.098999999999999977e-01 0.000000000000000000e+00
1.126000000000000056e-01 0.000000000000000000e+00
1.154000000000000026e-01 0.000000000000000000e+00
1.183000000000000024e-01 0.000000000000000000e+00
1.212000000000000022e-01 0.000000000000000000e+00
1.242000000000000048e-01 0.000000000000000000e+00
1.272999999999999965e-01 0.000000000000000000e+00
1.305000000000000049e-01 0.000000000000000000e+00
1.337000000000000133e-01 0.000000000000000000e+00
1.370000000000000107e-01 0.000000000000000000e+00
1.403999999999999970e-01 0.000000000000000000e+00
1.439000000000000001e-01 0.000000000000000000e+00
1.474000000000000032e-01 0.000000000000000000e+00
1.511000000000000121e-01 0.000000000000000000e+00
1.547999999999999932e-01 0.000000000000000000e+00
1.585999999999999910e-01 0.000000000000000000e+00
1.625999999999999945e-01 0.000000000000000000e+00
1.665999999999999981e-01 0.000000000000000000e+00
1.706999999999999906e-01 0.000000000000000000e+00
1.749999999999999889e-01 0.000000000000000000e+00
1.792999999999999872e-01 0.000000000000000000e+00
1.837000000000000022e-01 0.000000000000000000e+00
1.882999999999999952e-01 0.000000000000000000e+00
1.928999999999999881e-01 0.000000000000000000e+00
1.976999999999999869e-01 0.000000000000000000e+00
2.026000000000000023e-01 0.000000000000000000e+00
2.076000000000000068e-01 0.000000000000000000e+00
2.127999999999999892e-01 0.000000000000000000e+00
2.179999999999999993e-01 0.000000000000000000e+00
2.233999999999999875e-01 0.000000000000000000e+00
2.290000000000000091e-01 0.000000000000000000e+00
2.346000000000000030e-01 0.000000000000000000e+00
2.404999999999999916e-01 0.000000000000000000e+00
2.464000000000000079e-01 0.000000000000000000e+00
2.525000000000000022e-01 0.000000000000000000e+00
2.587999999999999745e-01 0.000000000000000000e+00
2.651999999999999913e-01 0.000000000000000000e+00
2.716999999999999971e-01 0.000000000000000000e+00
2.785000000000000253e-01 0.000000000000000000e+00
2.853999999999999870e-01 0.000000000000000000e+00
2.923999999999999932e-01 0.000000000000000000e+00
2.997000000000000219e-01 0.000000000000000000e+00
3.070999999999999841e-01 0.000000000000000000e+00
3.146999999999999797e-01 0.000000000000000000e+00
3.225000000000000089e-01 0.000000000000000000e+00
3.305000000000000160e-01 0.000000000000000000e+00
3.387000000000000011e-01 0.000000000000000000e+00
3.469999999999999751e-01 0.000000000000000000e+00
3.556000000000000272e-01 0.000000000000000000e+00
3.644000000000000017e-01 0.000000000000000000e+00
3.734999999999999987e-01 0.000000000000000000e+00
3.826999999999999846e-01 0.000000000000000000e+00
3.921999999999999931e-01 0.000000000000000000e+00
4.018999999999999795e-01 0.000000000000000000e+00
4.118999999999999884e-01 0.000000000000000000e+00
4.220999999999999752e-01 0.000000000000000000e+00
4.324999999999999956e-01 0.000000000000000000e+00
4.431999999999999829e-01 0.000000000000000000e+00
4.541999999999999926e-01 0.000000000000000000e+00
4.653999999999999804e-01 0.000000000000000000e+00
4.769999999999999796e-01 0.000000000000000000e+00
4.888000000000000123e-01 0.000000000000000000e+00
5.009000000000000119e-01 0.000000000000000000e+00
5.132999999999999785e-01 0.000000000000000000e+00
5.260000000000000231e-01 0.000000000000000000e+00
5.390000000000000346e-01 0.000000000000000000e+00
5.524000000000000021e-01 0.000000000000000000e+00
5.659999999999999476e-01 0.000000000000000000e+00
5.800999999999999490e-01 0.000000000000000000e+00
5.944000000000000394e-01 0.000000000000000000e+00
6.090999999999999748e-01 0.000000000000000000e+00
6.241999999999999771e-01 0.000000000000000000e+00
6.397000000000000464e-01 0.000000000000000000e+00
6.554999999999999716e-01 0.000000000000000000e+00
6.717999999999999527e-01 0.000000000000000000e+00
6.884000000000000119e-01 0.000000000000000000e+00
7.054000000000000270e-01 0.000000000000000000e+00
7.228999999999999870e-01 0.000000000000000000e+00
7.408000000000000140e-01 0.000000000000000000e+00
7.590999999999999970e-01 0.000000000000000000e+00
7.779000000000000359e-01 0.000000000000000000e+00
7.972000000000000197e-01 0.000000000000000000e+00
8.168999999999999595e-01 0.000000000000000000e+00
8.372000000000000552e-01 0.000000000000000000e+00
8.578999999999999959e-01 0.000000000000000000e+00
8.791999999999999815e-01 0.000000000000000000e+00
9.009000000000000341e-01 0.000000000000000000e+00
9.232000000000000206e-01 0.000000000000000000e+00
9.461000000000000520e-01 0.000000000000000000e+00
9.695000000000000284e-01 0.000000000000000000e+00
9.935000000000000497e-01 0.000000000000000000e+00
1.018000000000000016e+00 0.000000000000000000e+00
1.042999999999999927e+00 0.000000000000000000e+00
1.068999999999999950e+00 0.000000000000000000e+00
1.096000000000000085e+00 0.000000000000000000e+00
1.122999999999999998e+00 0.000000000000000000e+00
1.151000000000000023e+00 0.000000000000000000e+00
1.179000000000000048e+00 0.000000000000000000e+00
1.207999999999999963e+00 0.000000000000000000e+00
1.237999999999999989e+00 0.000000000000000000e+00
1.268999999999999906e+00 0.000000000000000000e+00
1.300000000000000044e+00 0.000000000000000000e+00
1.332000000000000073e+00 0.000000000000000000e+00
1.364999999999999991e+00 0.000000000000000000e+00
1.399000000000000021e+00 0.000000000000000000e+00
1.433999999999999941e+00 0.000000000000000000e+00
1.469000000000000083e+00 0.000000000000000000e+00
1.506000000000000005e+00 0.000000000000000000e+00
1.542999999999999927e+00 0.000000000000000000e+00
1.580999999999999961e+00 0.000000000000000000e+00
1.620000000000000107e+00 0.000000000000000000e+00
1.661000000000000032e+00 0.000000000000000000e+00
1.701999999999999957e+00 0.000000000000000000e+00
1.743999999999999995e+00 0.000000000000000000e+00
1.786999999999999922e+00 0.000000000000000000e+00
1.830999999999999961e+00 0.000000000000000000e+00
1.877000000000000002e+00 0.000000000000000000e+00
1.923000000000000043e+00 0.000000000000000000e+00
1.971000000000000085e+00 0.000000000000000000e+00
2.020000000000000018e+00 0.000000000000000000e+00
2.069999999999999840e+00 0.000000000000000000e+00
2.120999999999999996e+00 0.000000000000000000e+00
2.173000000000000043e+00 0.000000000000000000e+00
2.226999999999999869e+00 0.000000000000000000e+00
2.282000000000000028e+00 0.000000000000000000e+00
2.338999999999999968e+00 0.000000000000000000e+00
2.396999999999999797e+00 0.000000000000000000e+00
2.455999999999999961e+00 0.000000000000000000e+00
2.516999999999999904e+00 0.000000000000000000e+00
2.579000000000000181e+00 0.000000000000000000e+00
2.642999999999999794e+00 0.000000000000000000e+00
2.709000000000000075e+00 0.000000000000000000e+00
2.775999999999999801e+00 0.000000000000000000e+00
2.843999999999999861e+00 0.000000000000000000e+00
2.915000000000000036e+00 0.000000000000000000e+00
2.987000000000000099e+00 0.000000000000000000e+00
3.060999999999999943e+00 0.000000000000000000e+00
3.137000000000000011e+00 0.000000000000000000e+00
3.213999999999999968e+00 0.000000000000000000e+00
3.294000000000000039e+00 0.000000000000000000e+00
3.375999999999999890e+00 0.000000000000000000e+00
3.459000000000000075e+00 0.000000000000000000e+00
3.544999999999999929e+00 0.000000000000000000e+00
3.633000000000000007e+00 0.000000000000000000e+00
3.722999999999999865e+00 0.000000000000000000e+00
3.814999999999999947e+00 0.000000000000000000e+00
3.908999999999999808e+00 0.000000000000000000e+00
4.006000000000000227e+00 0.000000000000000000e+00
4.105000000000000426e+00 0.000000000000000000e+00
4.206999999999999851e+00 0.000000000000000000e+00
4.310999999999999943e+00 0.000000000000000000e+00
4.418000000000000149e+00 0.000000000000000000e+00
4.527000000000000135e+00 0.000000000000000000e+00
4.639000000000000234e+00 0.000000000000000000e+00
4.753999999999999559e+00 0.000000000000000000e+00
4.871999999999999886e+00 0.000000000000000000e+00
4.993000000000000327e+00 0.000000000000000000e+00
5.115999999999999659e+00 0.000000000000000000e+00
5.243000000000000327e+00 0.000000000000000000e+00
5.373000000000000220e+00 0.000000000000000000e+00
5.506000000000000227e+00 0.000000000000000000e+00
5.642000000000000348e+00 0.000000000000000000e+00
5.782000000000000028e+00 0.000000000000000000e+00
5.924999999999999822e+00 0.000000000000000000e+00
6.072000000000000064e+00 0.000000000000000000e+00
6.222000000000000419e+00 0.000000000000000000e+00
6.376000000000000334e+00 0.000000000000000000e+00
6.533999999999999808e+00 0.000000000000000000e+00
6.695999999999999730e+00 0.000000000000000000e+00
6.862000000000000099e+00 0.000000000000000000e+00
7.030999999999999694e+00 0.000000000000000000e+00
7.206000000000000405e+00 0.000000000000000000e+00
7.384000000000000341e+00 0.000000000000000000e+00
7.567000000000000171e+00 0.000000000000000000e+00
7.753999999999999559e+00 0.000000000000000000e+00
7.945999999999999730e+00 0.000000000000000000e+00
8.143000000000000682e+00 0.000000000000000000e+00
8.345000000000000639e+00 0.000000000000000000e+00
8.551000000000000156e+00 0.000000000000000000e+00
8.762999999999999901e+00 0.000000000000000000e+00
8.980000000000000426e+00 0.000000000000000000e+00
9.201999999999999957e+00 0.000000000000000000e+00
9.429999999999999716e+00 0.000000000000000000e+00
9.663999999999999702e+00 0.000000000000000000e+00
9.903000000000000469e+00 0.000000000000000000e+00
1.015000000000000036e+01 0.000000000000000000e+00
1.040000000000000036e+01 0.000000000000000000e+00
1.066000000000000014e+01 0.000000000000000000e+00
1.091999999999999993e+01 0.000000000000000000e+00
1.118999999999999950e+01 0.000000000000000000e+00
1.147000000000000064e+01 0.000000000000000000e+00
1.175000000000000000e+01 0.000000000000000000e+00
1.203999999999999915e+01 0.000000000000000000e+00
1.233999999999999986e+01 0.000000000000000000e+00
1.265000000000000036e+01 0.000000000000000000e+00
1.296000000000000085e+01 0.000000000000000000e+00
1.327999999999999936e+01 0.000000000000000000e+00
1.360999999999999943e+01 0.000000000000000000e+00
1.394999999999999929e+01 0.000000000000000000e+00
1.428999999999999915e+01 0.000000000000000000e+00
1.465000000000000036e+01 0.000000000000000000e+00
1.500999999999999979e+01 0.000000000000000000e+00
1.538000000000000078e+01 0.000000000000000000e+00
1.575999999999999979e+01 0.000000000000000000e+00
1.614999999999999858e+01 0.000000000000000000e+00
1.655000000000000071e+01 0.000000000000000000e+00
1.696000000000000085e+01 0.000000000000000000e+00
1.737999999999999901e+01 0.000000000000000000e+00
1.780999999999999872e+01 0.000000000000000000e+00
1.825000000000000000e+01 0.000000000000000000e+00
1.871000000000000085e+01 0.000000000000000000e+00
1.917000000000000171e+01 0.000000000000000000e+00
1.964000000000000057e+01 0.000000000000000000e+00
2.012999999999999901e+01 0.000000000000000000e+00
2.062999999999999901e+01 0.000000000000000000e+00
2.114000000000000057e+01 0.000000000000000000e+00
2.166000000000000014e+01 0.000000000000000000e+00
2.219999999999999929e+01 0.000000000000000000e+00
2.275000000000000000e+01 0.000000000000000000e+00
2.330999999999999872e+01 0.000000000000000000e+00
2.389000000000000057e+01 0.000000000000000000e+00
2.448000000000000043e+01 2.891000000000000112e-33
2.508999999999999986e+01 5.659000000000000264e-33
2.571000000000000085e+01 1.086999999999999951e-32
2.635000000000000142e+01 2.048999999999999946e-32
2.700000000000000000e+01 3.795000000000000154e-32
2.767000000000000171e+01 2.818000000000000039e-31
2.835000000000000142e+01 5.227000000000000141e-31
2.905000000000000071e+01 9.542000000000000571e-31
2.976999999999999957e+01 1.713999999999999835e-30
3.051000000000000156e+01 3.032000000000000099e-30
3.126999999999999957e+01 5.283999999999999992e-30
3.203999999999999915e+01 9.074000000000000028e-30
3.282999999999999829e+01 1.536000000000000016e-29
3.364999999999999858e+01 2.565000000000000074e-29
3.447999999999999687e+01 4.439999999999999809e-29
3.532999999999999829e+01 7.243999999999999595e-29
3.621000000000000085e+01 1.166999999999999901e-28
3.710000000000000142e+01 1.858000000000000099e-28
3.802000000000000313e+01 2.923999999999999907e-28
3.896999999999999886e+01 4.550000000000000211e-28
3.992999999999999972e+01 7.003000000000000275e-28
4.092000000000000171e+01 1.065999999999999988e-27
4.192999999999999972e+01 1.613999999999999922e-27
4.296999999999999886e+01 2.408000000000000156e-27
4.403000000000000114e+01 3.558999999999999652e-27
4.513000000000000256e+01 5.209999999999999885e-27
4.624000000000000199e+01 7.555999999999999441e-27
4.739000000000000057e+01 1.085999999999999967e-26
4.856000000000000227e+01 1.546999999999999982e-26
4.975999999999999801e+01 2.186000000000000010e-26
5.100000000000000000e+01 3.062000000000000284e-26
5.225999999999999801e+01 4.166000000000000143e-26
5.354999999999999716e+01 5.746999999999999570e-26
5.488000000000000256e+01 7.867999999999999763e-26
5.624000000000000199e+01 1.068999999999999958e-25
5.763000000000000256e+01 1.442000000000000050e-25
5.906000000000000227e+01 1.930000000000000046e-25
6.052000000000000313e+01 2.566000000000000082e-25
6.202000000000000313e+01 3.388000000000000050e-25
6.354999999999999716e+01 4.442000000000000280e-25
6.512999999999999545e+01 5.785000000000000151e-25
6.673999999999999488e+01 7.541999999999999768e-25
6.839000000000000057e+01 9.692000000000000109e-25
7.009000000000000341e+01 1.237999999999999985e-24
7.181999999999999318e+01 1.570999999999999960e-24
7.359999999999999432e+01 1.981999999999999898e-24
7.542000000000000171e+01 2.485000000000000127e-24
7.729000000000000625e+01 3.098999999999999858e-24
7.920999999999999375e+01 3.841999999999999775e-24
8.117000000000000171e+01 4.735999999999999815e-24
8.318000000000000682e+01 5.828999999999999843e-24
8.523999999999999488e+01 7.106999999999999530e-24
8.734999999999999432e+01 8.621000000000000019e-24
8.951000000000000512e+01 1.039999999999999994e-23
9.173000000000000398e+01 1.250000000000000061e-23
9.400000000000000000e+01 1.492999999999999924e-23
9.632999999999999829e+01 1.776999999999999854e-23
9.870999999999999375e+01 2.103999999999999920e-23
1.012000000000000028e+02 2.480999999999999918e-23
1.037000000000000028e+02 2.913000000000000164e-23
1.062000000000000028e+02 3.401000000000000252e-23
1.089000000000000057e+02 3.960999999999999842e-23
1.115999999999999943e+02 4.596000000000000064e-23
1.142999999999999972e+02 5.312999999999999834e-23
1.170999999999999943e+02 6.118000000000000237e-23
1.200000000000000000e+02 7.022000000000000322e-23
1.230000000000000000e+02 8.031000000000000000e-23
1.260999999999999943e+02 9.154999999999999903e-23
1.291999999999999886e+02 1.039999999999999994e-22
1.324000000000000057e+02 1.179000000000000093e-22
1.356999999999999886e+02 1.331999999999999902e-22
1.390000000000000000e+02 1.499999999999999955e-22
1.425000000000000000e+02 1.684999999999999909e-22
1.460000000000000000e+02 1.888000000000000062e-22
1.495999999999999943e+02 2.110000000000000006e-22
1.533000000000000114e+02 2.351000000000000213e-22
1.570999999999999943e+02 2.614999999999999994e-22
1.610000000000000000e+02 2.901999999999999821e-22
1.650000000000000000e+02 3.212000000000000163e-22
1.690999999999999943e+02 3.547000000000000206e-22
1.733000000000000114e+02 3.910000000000000141e-22
1.775999999999999943e+02 4.301000000000000437e-22
1.819000000000000057e+02 4.720999999999999747e-22
1.865000000000000000e+02 5.173000000000000143e-22
1.910999999999999943e+02 5.656999999999999742e-22
1.958000000000000114e+02 6.173999999999999549e-22
2.006999999999999886e+02 6.728999999999999881e-22
2.055999999999999943e+02 7.319999999999999669e-22
2.106999999999999886e+02 7.951000000000000109e-22
2.159000000000000057e+02 8.622000000000000259e-22
2.213000000000000114e+02 9.335000000000000246e-22
2.268000000000000114e+02 1.008999999999999913e-21
2.324000000000000057e+02 1.089000000000000086e-21
2.380999999999999943e+02 1.174000000000000011e-21
2.440000000000000000e+02 1.264000000000000065e-21
2.500999999999999943e+02 1.359000000000000059e-21
2.563000000000000114e+02 1.458999999999999994e-21
2.626000000000000227e+02 1.564000000000000056e-21
2.691000000000000227e+02 1.674999999999999934e-21
2.758000000000000114e+02 1.791000000000000129e-21
2.826000000000000227e+02 1.912999999999999951e-21
2.896000000000000227e+02 2.041999999999999840e-21
2.968000000000000114e+02 2.176000000000000046e-21
3.041000000000000227e+02 2.315999999999999878e-21
3.116000000000000227e+02 2.463000000000000154e-21
3.193999999999999773e+02 2.616000000000000058e-21
3.273000000000000114e+02 2.774999999999999964e-21
3.353999999999999773e+02 2.942000000000000001e-21
3.436999999999999886e+02 3.115000000000000042e-21
3.521999999999999886e+02 3.295000000000000150e-21
3.608999999999999773e+02 3.481999999999999948e-21
3.698000000000000114e+02 3.677000000000000252e-21
3.790000000000000000e+02 3.879000000000000248e-21
3.883999999999999773e+02 4.087999999999999933e-21
3.980000000000000000e+02 4.305000000000000126e-21
4.078999999999999773e+02 4.529000000000000009e-21
4.180000000000000000e+02 4.760999999999999646e-21
4.283000000000000114e+02 4.999999999999999726e-21
4.388999999999999773e+02 5.248000000000000375e-21
4.498000000000000114e+02 5.502999999999999963e-21
4.608999999999999773e+02 5.766000000000000058e-21
4.723000000000000114e+02 6.037999999999999969e-21
4.840000000000000000e+02 6.317000000000000324e-21
4.960000000000000000e+02 6.603999999999999681e-21
5.083000000000000114e+02 6.898999999999999543e-21
5.208999999999999773e+02 7.203000000000000728e-21
5.337999999999999545e+02 7.514999999999999410e-21
5.470000000000000000e+02 7.835000000000000102e-21
5.606000000000000227e+02 8.162999999999999796e-21
5.743999999999999773e+02 8.498999999999999997e-21
5.887000000000000455e+02 8.843000000000000704e-21
6.032000000000000455e+02 9.195999999999999724e-21
6.182000000000000455e+02 9.555999999999999939e-21
6.335000000000000000e+02 9.924000000000000660e-21
6.492000000000000455e+02 1.030000000000000038e-20
6.652000000000000455e+02 1.068999999999999949e-20
6.817000000000000455e+02 1.108000000000000010e-20
6.986000000000000227e+02 1.147999999999999983e-20
7.158999999999999773e+02 1.189000000000000020e-20
7.336000000000000227e+02 1.230000000000000057e-20
7.517999999999999545e+02 1.272000000000000007e-20
7.703999999999999773e+02 1.315999999999999933e-20
7.895000000000000000e+02 1.359000000000000097e-20
8.090000000000000000e+02 1.404000000000000086e-20
8.291000000000000227e+02 1.449999999999999988e-20
8.496000000000000227e+02 1.495999999999999890e-20
8.706000000000000227e+02 1.542000000000000093e-20
8.922000000000000455e+02 1.588999999999999908e-20
9.142999999999999545e+02 1.636999999999999937e-20
9.368999999999999773e+02 1.685999999999999878e-20
9.601000000000000227e+02 1.735000000000000121e-20
9.838999999999999773e+02 1.784999999999999975e-20
1.008000000000000000e+03 1.836000000000000043e-20
1.033000000000000000e+03 1.887000000000000111e-20
1.059000000000000000e+03 1.937999999999999878e-20
1.085000000000000000e+03 1.989999999999999859e-20
1.112000000000000000e+03 2.043000000000000054e-20
1.139000000000000000e+03 2.095999999999999948e-20
1.168000000000000000e+03 2.150000000000000055e-20
1.197000000000000000e+03 2.202999999999999949e-20
1.226000000000000000e+03 2.257999999999999969e-20
1.257000000000000000e+03 2.312000000000000077e-20
1.288000000000000000e+03 2.367000000000000097e-20
1.320000000000000000e+03 2.423000000000000030e-20
1.352000000000000000e+03 2.478000000000000050e-20
1.386000000000000000e+03 2.533999999999999983e-20
1.420000000000000000e+03 2.589000000000000004e-20
1.455000000000000000e+03 2.644999999999999937e-20
1.491000000000000000e+03 2.702000000000000084e-20
1.528000000000000000e+03 2.757999999999999716e-20
1.566000000000000000e+03 2.814000000000000251e-20
1.605000000000000000e+03 2.870000000000000184e-20
1.645000000000000000e+03 2.927000000000000030e-20
1.685000000000000000e+03 2.982999999999999963e-20
1.727000000000000000e+03 3.038999999999999896e-20
1.770000000000000000e+03 3.093999999999999917e-20
1.814000000000000000e+03 3.149999999999999850e-20
1.858000000000000000e+03 3.204999999999999870e-20
1.905000000000000000e+03 3.259999999999999890e-20
1.952000000000000000e+03 3.314999999999999911e-20
2.000000000000000000e+03 3.369999999999999931e-20
-----------------------
