# Generated at STP using Siglo cross sections with particle swarms.

efield[V/m]_vs_mu[m2/Vs]
Ar
-----------------------
2.414323855084169736e+03 6.755514578400000358e-01
5.200453583851301119e+03 3.850353373440000282e-01
1.120729133530071522e+04 2.173693470720000076e-01
2.414323855084169554e+04 1.211105127360000144e-01
5.200453583851300937e+04 6.668533704000001450e-02
1.120729133530071558e+05 3.960943342320000921e-02
2.414323855084169481e+05 3.869820521520001000e-02
5.200453583851300646e+05 3.719053672560000690e-02
1.120729133530071471e+06 3.419176753200000446e-02
2.414323855084169190e+06 3.152849599680000725e-02
5.200453583851301111e+06 2.908888956720000196e-02
1.120729133530071378e+07 2.681496099360000315e-02
2.414323855084169284e+07 2.491380759600000244e-02
-----------------------

efield[V/m]_vs_dif[m2/s]
Ar
-----------------------
2.414323855084169736e+03 1.061166667680000231e+00
5.200453583851301119e+03 8.138924676000001135e-01
1.120729133530071522e+04 6.316468260000001056e-01
2.414323855084169554e+04 4.974477626400000130e-01
5.200453583851300937e+04 3.962600120880000465e-01
1.120729133530071558e+05 3.191369701200000297e-01
2.414323855084169481e+05 3.027762818400000500e-01
5.200453583851300646e+05 2.949894226080000403e-01
1.120729133530071471e+06 2.839718451840000379e-01
2.414323855084169190e+06 2.698892274240000666e-01
5.200453583851301111e+06 2.506705961280000228e-01
1.120729133530071378e+07 2.415997335120000367e-01
2.414323855084169284e+07 2.820251303760000217e-01
-----------------------


efield[V/m]_vs_alpha[1/m]
Ar
-----------------------
5.000e+04  0.000e+00
5.910e+04  0.000e+00
7.000e+04  0.000e+00
8.280e+04  0.000e+00
9.790e+04  0.000e+00
1.160e+05  0.000e+00
1.370e+05  0.000e+00
1.620e+05  0.000e+00
1.920e+05  0.000e+00
2.270e+05  0.000e+00
2.680e+05  0.000e+00
3.170e+05  0.000e+00
3.750e+05  0.000e+00
4.440e+05  0.000e+00
5.250e+05  0.000e+00
6.210e+05  0.000e+00
7.350e+05  0.000e+00
8.690e+05  4.490e-02
1.030e+06  2.750e-01
1.220e+06  1.290e+00
1.440e+06  8.210e+00
1.700e+06  3.160e+01
2.010e+06  1.090e+02
2.380e+06  3.570e+02
2.820e+06  9.300e+02
3.330e+06  2.340e+03
3.940e+06  4.890e+03
4.660e+06  9.470e+03
5.520e+06  1.760e+04
6.520e+06  2.960e+04
7.720e+06  4.740e+04
9.130e+06  7.420e+04
1.080e+07  1.070e+05
1.280e+07  1.510e+05
1.510e+07  2.060e+05
1.790e+07  2.710e+05
2.110e+07  3.430e+05
2.500e+07  4.300e+05
2.960e+07  5.190e+05
3.500e+07  6.200e+05
-----------------------
